0	1
0	2
0	3
0	4
0	5
0	6
0	7
0	8
0	9
0	10
0	11
0	12
0	13
0	14
0	15
0	16
0	17
0	18
0	19
0	20
0	21
0	22
0	23
0	24
0	25
0	26
0	27
0	28
0	29
0	30
0	31
0	32
0	33
0	34
0	35
0	36
0	37
0	38
0	39
0	40
0	41
0	42
0	43
0	44
0	45
0	46
0	47
0	48
0	49
0	50
0	51
0	52
0	53
0	54
0	55
0	56
0	57
0	58
0	59
0	60
0	61
0	62
0	63
0	64
0	65
0	66
0	67
0	68
0	69
0	70
0	71
0	72
0	73
0	74
0	75
0	76
0	77
0	78
0	79
0	80
0	81
0	82
17	83
17	84
17	85
17	86
18	87
19	88
19	89
19	90
19	91
19	92
19	93
19	94
19	95
20	96
20	97
20	98
20	99
27	100
29	101
29	102
39	103
39	104
45	105
45	106
45	107
45	108
46	109
46	110
46	111
46	112
46	113
73	114
78	115
116	117
116	118
116	119
116	120
116	121
116	122
116	123
116	124
116	125
121	126
127	128
127	129
127	130
127	131
127	132
127	133
127	134
127	135
127	136
127	137
127	138
127	139
127	140
127	141
127	142
127	143
127	144
127	145
127	146
127	147
127	148
127	149
127	150
127	151
127	152
127	153
127	154
127	155
127	156
127	157
127	158
127	159
127	160
127	161
127	162
127	163
127	164
127	165
127	166
127	167
130	168
132	169
132	170
135	171
135	172
138	173
140	174
140	175
140	176
154	177
155	178
165	179
165	180
165	181
165	182
166	183
166	184
185	186
185	187
185	188
185	189
185	190
185	191
185	192
185	193
185	194
185	195
185	196
185	197
185	198
185	199
185	200
185	201
185	202
185	203
185	204
185	205
185	206
185	207
185	208
185	209
185	210
185	211
185	212
185	213
185	214
185	215
185	216
185	217
185	218
185	219
185	220
185	221
185	222
185	223
185	224
185	225
185	226
185	227
185	228
185	229
185	230
185	231
185	232
185	233
185	234
185	235
185	236
185	237
185	238
185	239
185	240
185	241
185	242
185	243
185	244
185	245
185	246
185	247
185	248
185	249
185	250
185	251
185	252
185	253
185	254
185	255
185	256
185	257
185	258
185	259
185	260
185	261
185	262
185	263
185	264
185	265
185	266
185	267
185	268
185	269
185	270
185	271
185	272
185	273
185	274
185	275
185	276
185	277
185	278
185	279
185	280
185	281
185	282
185	283
185	284
185	285
185	286
185	287
185	288
185	289
185	290
185	291
185	292
185	293
185	294
185	295
185	296
185	297
185	298
185	299
185	300
185	301
185	302
185	303
185	304
185	305
185	306
185	307
185	308
185	309
185	310
185	311
185	312
185	313
185	314
185	315
185	316
185	317
185	318
185	319
185	320
185	321
185	322
185	323
185	324
185	325
185	326
185	327
185	328
185	329
185	330
185	331
185	332
185	333
185	334
185	335
185	336
185	337
185	338
185	339
185	340
185	341
185	342
185	343
185	344
185	345
185	346
185	347
185	348
185	349
185	350
185	351
185	352
185	353
185	354
185	355
185	356
185	357
185	358
185	359
185	360
185	361
185	362
185	363
185	364
185	365
185	366
185	367
185	368
185	369
185	370
185	371
185	372
185	373
185	374
185	375
185	376
185	377
185	378
185	379
185	380
185	381
185	382
185	383
185	384
185	385
185	386
185	387
185	388
185	389
185	390
185	391
185	392
185	393
185	394
185	395
185	396
185	397
185	398
185	399
185	400
185	401
185	402
185	403
185	404
185	405
185	406
185	407
185	408
185	409
185	410
185	411
185	412
185	413
185	414
185	415
185	416
185	417
185	418
185	419
185	420
185	421
185	422
185	423
185	424
185	425
185	426
185	427
185	428
185	429
185	430
185	431
185	432
185	433
185	434
185	435
185	436
185	437
185	438
185	439
185	440
185	441
185	442
185	443
185	444
185	445
185	446
185	447
185	448
185	449
185	450
185	451
185	452
185	453
185	454
185	455
185	456
185	457
185	458
185	459
185	460
185	461
185	462
185	463
185	464
185	465
185	466
185	467
185	468
185	469
185	470
185	471
185	472
185	473
185	474
185	475
185	476
185	477
185	478
185	479
185	480
185	481
185	482
185	483
185	484
185	485
185	486
185	487
185	488
185	489
185	490
185	491
185	492
185	493
185	494
185	495
185	496
185	497
185	498
185	499
185	500
185	501
185	502
185	503
185	504
185	505
185	506
185	507
185	508
185	509
185	510
185	511
185	512
185	513
185	514
185	515
185	516
185	517
185	518
185	519
185	520
185	521
185	522
185	523
185	524
185	525
185	526
185	527
185	528
185	529
185	530
185	531
185	532
185	533
185	534
185	535
185	536
185	537
185	538
185	539
185	540
185	541
185	542
185	543
185	544
185	545
185	546
185	547
185	548
185	549
185	550
185	551
185	552
185	553
185	554
185	555
185	556
185	557
185	558
185	559
185	560
185	561
185	562
185	563
185	564
185	565
185	566
185	567
185	568
185	569
185	570
185	571
185	572
185	573
185	574
185	575
185	576
185	577
185	578
185	579
185	580
185	581
185	582
185	583
185	584
185	585
185	586
185	587
185	588
185	589
185	590
185	591
185	592
185	593
185	594
185	595
185	596
185	597
185	598
185	599
185	600
185	601
185	602
185	603
185	604
185	605
185	606
185	607
185	608
185	609
185	610
185	611
185	612
185	613
185	614
185	615
185	616
185	617
185	618
185	619
185	620
185	621
185	622
185	623
185	624
185	625
185	626
185	627
185	628
185	629
185	630
185	631
185	632
185	633
185	634
185	635
185	636
185	637
185	638
185	639
185	640
185	641
185	642
185	643
185	644
185	645
185	646
185	647
185	648
185	649
185	650
185	651
185	652
185	653
185	654
185	655
185	656
185	657
185	658
185	659
185	660
185	661
185	662
185	663
185	664
185	665
185	666
185	667
185	668
185	669
185	670
185	671
185	672
185	673
185	674
185	675
185	676
185	677
185	678
185	679
185	680
185	681
185	682
185	683
185	684
185	685
185	686
185	687
185	688
185	689
185	690
185	691
185	692
185	693
185	694
185	695
185	696
185	697
185	698
185	699
185	700
185	701
185	702
185	703
185	704
185	705
185	706
185	707
185	708
185	709
185	710
185	711
185	712
185	713
185	714
185	715
185	716
185	717
185	718
185	719
185	720
185	721
185	722
185	723
185	724
185	725
185	726
185	727
185	728
185	729
185	730
185	731
185	732
185	733
185	734
185	735
185	736
185	737
185	738
185	739
185	740
185	741
185	742
185	743
185	744
185	745
185	746
185	747
185	748
185	749
185	750
185	751
185	752
185	753
185	754
185	755
185	756
185	757
185	758
185	759
185	760
185	761
185	762
185	763
185	764
185	765
185	766
185	767
185	768
185	769
185	770
185	771
185	772
185	773
185	774
185	775
185	776
185	777
185	778
185	779
185	780
185	781
185	782
185	783
185	784
185	785
185	786
185	787
185	788
185	789
185	790
185	791
185	792
185	793
185	794
185	795
185	796
185	797
185	798
185	799
185	800
185	801
185	802
185	803
185	804
185	805
185	806
185	807
185	808
185	809
185	810
185	811
185	812
185	813
185	814
185	815
185	816
185	817
185	818
185	819
185	820
185	821
185	822
185	823
185	824
185	825
185	826
185	827
185	828
185	829
185	830
185	831
185	832
185	833
185	834
185	835
185	836
185	837
185	838
185	839
185	840
185	841
185	842
185	843
185	844
185	845
185	846
185	847
185	848
185	849
185	850
185	851
185	852
185	853
185	854
185	855
185	856
185	857
185	858
185	859
185	860
185	861
185	862
185	863
185	864
185	865
185	866
185	867
185	868
185	869
185	870
185	871
185	872
185	873
185	874
185	875
185	876
201	877
204	878
204	879
213	880
213	881
213	882
213	883
213	884
217	885
221	886
221	887
221	888
221	889
221	890
221	891
221	892
221	893
232	894
233	895
233	896
239	897
251	898
251	899
251	900
251	901
251	902
251	903
251	904
251	905
251	906
251	907
251	908
251	909
251	910
267	911
267	912
288	913
288	914
288	915
288	916
288	917
288	918
288	919
288	920
288	921
288	922
288	923
288	924
288	925
288	926
288	927
288	928
288	929
288	930
288	931
288	932
288	933
288	934
288	935
288	936
288	937
288	938
288	939
288	940
288	941
288	942
288	943
303	944
326	945
326	946
338	947
349	948
364	949
364	950
364	951
372	952
372	953
372	954
372	955
372	956
372	957
372	958
372	959
372	960
372	961
372	962
372	963
372	964
372	965
372	966
372	967
372	968
372	969
372	970
372	971
372	972
372	973
372	974
372	975
372	976
372	977
372	978
372	979
372	980
372	981
372	982
372	983
372	984
372	985
372	986
372	987
372	988
372	989
372	990
372	991
372	992
372	993
372	994
372	995
372	996
372	997
372	998
372	999
375	1000
382	1001
382	1002
382	1003
382	1004
382	1005
383	1006
383	1007
461	1008
462	1009
464	1010
464	1011
467	1012
479	1013
479	1014
491	1015
491	1016
491	1017
491	1018
491	1019
491	1020
491	1021
491	1022
491	1023
491	1024
491	1025
491	1026
491	1027
498	1028
498	1029
498	1030
498	1031
498	1032
498	1033
498	1034
498	1035
500	1036
515	1037
516	1038
516	1039
518	1040
519	1041
519	1042
519	1043
519	1044
519	1045
526	1046
526	1047
529	1048
529	1049
529	1050
529	1051
529	1052
529	1053
529	1054
529	1055
529	1056
529	1057
529	1058
529	1059
529	1060
529	1061
531	1062
540	1063
541	1064
544	1065
544	1066
544	1067
545	1068
547	1069
548	1070
557	1071
570	1072
571	1073
577	1074
577	1075
613	1076
613	1077
613	1078
613	1079
613	1080
613	1081
613	1082
613	1083
613	1084
613	1085
613	1086
613	1087
613	1088
613	1089
613	1090
613	1091
613	1092
613	1093
613	1094
613	1095
613	1096
613	1097
619	1098
625	1099
625	1100
626	1101
626	1102
626	1103
626	1104
626	1105
626	1106
626	1107
626	1108
626	1109
626	1110
626	1111
626	1112
626	1113
626	1114
626	1115
626	1116
626	1117
626	1118
626	1119
626	1120
626	1121
626	1122
626	1123
626	1124
626	1125
626	1126
626	1127
626	1128
626	1129
626	1130
626	1131
626	1132
626	1133
626	1134
626	1135
626	1136
626	1137
626	1138
626	1139
626	1140
626	1141
626	1142
626	1143
626	1144
626	1145
626	1146
626	1147
626	1148
626	1149
626	1150
626	1151
626	1152
626	1153
626	1154
626	1155
626	1156
626	1157
626	1158
626	1159
626	1160
626	1161
626	1162
626	1163
626	1164
626	1165
626	1166
626	1167
626	1168
626	1169
626	1170
626	1171
626	1172
626	1173
626	1174
626	1175
626	1176
626	1177
626	1178
626	1179
626	1180
626	1181
632	1182
633	1183
633	1184
633	1185
633	1186
633	1187
634	1188
646	1189
646	1190
646	1191
646	1192
646	1193
651	1194
657	1195
657	1196
657	1197
657	1198
657	1199
657	1200
657	1201
657	1202
657	1203
657	1204
657	1205
657	1206
662	1207
662	1208
666	1209
667	1210
670	1211
670	1212
682	1213
684	1214
686	1215
689	1216
689	1217
689	1218
689	1219
689	1220
689	1221
689	1222
689	1223
689	1224
691	1225
694	1226
697	1227
697	1228
697	1229
697	1230
697	1231
697	1232
697	1233
697	1234
697	1235
697	1236
697	1237
697	1238
697	1239
699	1240
734	1241
734	1242
734	1243
734	1244
734	1245
734	1246
734	1247
734	1248
734	1249
734	1250
734	1251
734	1252
734	1253
734	1254
734	1255
734	1256
734	1257
734	1258
734	1259
734	1260
736	1261
736	1262
739	1263
741	1264
741	1265
741	1266
741	1267
741	1268
741	1269
741	1270
741	1271
741	1272
741	1273
741	1274
741	1275
741	1276
741	1277
741	1278
741	1279
741	1280
741	1281
741	1282
741	1283
741	1284
741	1285
741	1286
741	1287
741	1288
741	1289
741	1290
741	1291
741	1292
741	1293
741	1294
741	1295
741	1296
741	1297
741	1298
741	1299
741	1300
741	1301
741	1302
741	1303
741	1304
741	1305
741	1306
741	1307
741	1308
741	1309
741	1310
741	1311
741	1312
741	1313
741	1314
741	1315
741	1316
741	1317
741	1318
741	1319
741	1320
741	1321
741	1322
742	1323
803	1324
803	1325
803	1326
803	1327
803	1328
803	1329
815	1330
824	1331
824	1332
824	1333
824	1334
848	1335
851	1336
851	1337
851	1338
851	1339
858	1340
858	1341
858	1342
867	1343
870	1344
1345	1346
1345	1347
1345	1348
1345	1349
1345	1350
1345	1351
1345	1352
1345	1353
1345	1354
1345	1355
1345	1356
1345	1357
1345	1358
1345	1359
1345	1360
1345	1361
1345	1362
1345	1363
1345	1364
1345	1365
1345	1366
1345	1367
1345	1368
1345	1369
1345	1370
1345	1371
1345	1372
1345	1373
1345	1374
1345	1375
1345	1376
1345	1377
1345	1378
1345	1379
1345	1380
1345	1381
1345	1382
1345	1383
1345	1384
1345	1385
1345	1386
1345	1387
1345	1388
1345	1389
1345	1390
1345	1391
1345	1392
1345	1393
1345	1394
1345	1395
1345	1396
1345	1397
1345	1398
1345	1399
1345	1400
1345	1401
1345	1402
1345	1403
1345	1404
1345	1405
1345	1406
1345	1407
1345	1408
1345	1409
1345	1410
1345	1411
1345	1412
1345	1413
1345	1414
1345	1415
1345	1416
1345	1417
1345	1418
1345	1419
1345	1420
1345	1421
1345	1422
1345	1423
1345	1424
1345	1425
1345	1426
1345	1427
1345	1428
1345	1429
1345	1430
1345	1431
1345	1432
1345	1433
1345	1434
1345	1435
1345	1436
1345	1437
1345	1438
1345	1439
1345	1440
1345	1441
1345	1442
1345	1443
1345	1444
1345	1445
1345	1446
1345	1447
1345	1448
1345	1449
1345	1450
1345	1451
1345	1452
1345	1453
1345	1454
1345	1455
1345	1456
1345	1457
1345	1458
1345	1459
1345	1460
1345	1461
1345	1462
1345	1463
1345	1464
1345	1465
1345	1466
1345	1467
1345	1468
1345	1469
1345	1470
1345	1471
1345	1472
1345	1473
1345	1474
1345	1475
1345	1476
1345	1477
1345	1478
1345	1479
1345	1480
1345	1481
1345	1482
1345	1483
1345	1484
1345	1485
1345	1486
1345	1487
1345	1488
1346	1489
1346	1490
1346	1491
1346	1492
1346	1493
1346	1494
1346	1495
1347	1496
1347	1497
1347	1498
1347	1499
1347	1500
1347	1501
1347	1502
1347	1503
1347	1504
1347	1505
1347	1506
1347	1507
1347	1508
1347	1509
1347	1510
1347	1511
1347	1512
1347	1513
1347	1514
1347	1515
1347	1516
1347	1517
1347	1518
1347	1519
1347	1520
1347	1521
1347	1522
1347	1523
1347	1524
1347	1525
1347	1526
1347	1527
1347	1528
1347	1529
1347	1530
1347	1531
1347	1532
1347	1533
1347	1534
1347	1535
1347	1536
1347	1537
1347	1538
1347	1539
1347	1540
1347	1541
1347	1542
1347	1543
1347	1544
1347	1545
1347	1546
1348	1547
1348	1548
1348	1549
1349	1550
1349	1551
1349	1552
1349	1553
1350	1554
1350	1555
1350	1556
1350	1557
1350	1558
1350	1559
1350	1560
1350	1561
1351	1562
1351	1563
1351	1564
1351	1565
1351	1566
1351	1567
1351	1568
1351	1569
1351	1570
1351	1571
1351	1572
1351	1573
1351	1574
1351	1575
1351	1576
1351	1577
1351	1578
1353	1579
1353	1580
1353	1581
1353	1582
1370	1583
1370	1584
1370	1585
1463	1586
1464	1587
1464	1588
1464	1589
1464	1590
1464	1591
1464	1592
1464	1593
1467	1594
1467	1595
1467	1596
1467	1597
1467	1598
1467	1599
1469	1600
1469	1601
1469	1602
1469	1603
1469	1604
1469	1605
1470	1606
1470	1607
1471	1608
1472	1609
1472	1610
1472	1611
1472	1612
1472	1613
1472	1614
1472	1615
1472	1616
1472	1617
1472	1618
1472	1619
1472	1620
1472	1621
1472	1622
1472	1623
1473	1624
1473	1625
1473	1626
1473	1627
1473	1628
1473	1629
1473	1630
1474	1631
1474	1632
1474	1633
1474	1634
1474	1635
1474	1636
1474	1637
1475	1638
1475	1639
1475	1640
1475	1641
1475	1642
1475	1643
1475	1644
1475	1645
1475	1646
1475	1647
1475	1648
1475	1649
1475	1650
1475	1651
1475	1652
1475	1653
1475	1654
1475	1655
1475	1656
1475	1657
1475	1658
1475	1659
1475	1660
1475	1661
1475	1662
1475	1663
1475	1664
1476	1665
1476	1666
1476	1667
1476	1668
1476	1669
1476	1670
1476	1671
1476	1672
1478	1673
1478	1674
1478	1675
1478	1676
1478	1677
1478	1678
1478	1679
1478	1680
1478	1681
1478	1682
1478	1683
1478	1684
1478	1685
1478	1686
1479	1687
1480	1688
1480	1689
1480	1690
1480	1691
1480	1692
1480	1693
1480	1694
1481	1695
1481	1696
1481	1697
1481	1698
1481	1699
1481	1700
1481	1701
1481	1702
1481	1703
1481	1704
1481	1705
1481	1706
1481	1707
1481	1708
1481	1709
1481	1710
1481	1711
1481	1712
1481	1713
1481	1714
1481	1715
1481	1716
1481	1717
1481	1718
1481	1719
1481	1720
1481	1721
1481	1722
1481	1723
1481	1724
1481	1725
1481	1726
1481	1727
1481	1728
1481	1729
1481	1730
1481	1731
1481	1732
1481	1733
1481	1734
1481	1735
1481	1736
1481	1737
1481	1738
1481	1739
1481	1740
1481	1741
1481	1742
1481	1743
1481	1744
1481	1745
1481	1746
1481	1747
1481	1748
1481	1749
1481	1750
1481	1751
1481	1752
1481	1753
1481	1754
1481	1755
1481	1756
1481	1757
1481	1758
1481	1759
1481	1760
1481	1761
1481	1762
1481	1763
1481	1764
1481	1765
1481	1766
1481	1767
1481	1768
1481	1769
1481	1770
1481	1771
1481	1772
1481	1773
1481	1774
1481	1775
1481	1776
1481	1777
1481	1778
1481	1779
1481	1780
1481	1781
1482	1782
1482	1783
1482	1784
1482	1785
1482	1786
1483	1787
1483	1788
1483	1789
1483	1790
1483	1791
1483	1792
1483	1793
1483	1794
1484	1795
1484	1796
1486	1797
1487	1798
1487	1799
1487	1800
1801	1802
1801	1803
1801	1804
1801	1805
1801	1806
1801	1807
1801	1808
1809	1810
1809	1811
1809	1812
1809	1813
1809	1814
1809	1815
1809	1816
1809	1817
1809	1818
1809	1819
1809	1820
1809	1821
1809	1822
1809	1823
1809	1824
1809	1825
1809	1826
1809	1827
1809	1828
1809	1829
1809	1830
1809	1831
1809	1832
1809	1833
1809	1834
1809	1835
1809	1836
1809	1837
1809	1838
1809	1839
1809	1840
1809	1841
1809	1842
1809	1843
1809	1844
1809	1845
1809	1846
1809	1847
1809	1848
1809	1849
1809	1850
1809	1851
1809	1852
1809	1853
1809	1854
1809	1855
1809	1856
1809	1857
1809	1858
1809	1859
1809	1860
1809	1861
1809	1862
1809	1863
1809	1864
1809	1865
1809	1866
1809	1867
1809	1868
1809	1869
1809	1870
1809	1871
1809	1872
1809	1873
1809	1874
1809	1875
1809	1876
1809	1877
1809	1878
1809	1879
1809	1880
1809	1881
1809	1882
1809	1883
1809	1884
1809	1885
1809	1886
1809	1887
1809	1888
1809	1889
1809	1890
1809	1891
1809	1892
1809	1893
1809	1894
1809	1895
1809	1896
1809	1897
1809	1898
1809	1899
1809	1900
1809	1901
1809	1902
1809	1903
1809	1904
1809	1905
1809	1906
1809	1907
1809	1908
1809	1909
1809	1910
1809	1911
1809	1912
1809	1913
1809	1914
1809	1915
1809	1916
1809	1917
1809	1918
1809	1919
1809	1920
1809	1921
1809	1922
1809	1923
1809	1924
1809	1925
1809	1926
1809	1927
1809	1928
1809	1929
1809	1930
1809	1931
1809	1932
1809	1933
1809	1934
1809	1935
1809	1936
1809	1937
1809	1938
1809	1939
1809	1940
1809	1941
1809	1942
1809	1943
1809	1944
1809	1945
1809	1946
1809	1947
1809	1948
1809	1949
1809	1950
1809	1951
1809	1952
1809	1953
1809	1954
1809	1955
1809	1956
1809	1957
1809	1958
1809	1959
1809	1960
1809	1961
1809	1962
1809	1963
1809	1964
1809	1965
1809	1966
1809	1967
1809	1968
1809	1969
1809	1970
1809	1971
1809	1972
1809	1973
1809	1974
1809	1975
1809	1976
1809	1977
1809	1978
1809	1979
1809	1980
1809	1981
1809	1982
1809	1983
1809	1984
1809	1985
1809	1986
1809	1987
1809	1988
1809	1989
1809	1990
1809	1991
1809	1992
1809	1993
1809	1994
1809	1995
1809	1996
1809	1997
1809	1998
1809	1999
1809	2000
1809	2001
1809	2002
1809	2003
1809	2004
1809	2005
1809	2006
1809	2007
1809	2008
1809	2009
1809	2010
1809	2011
1809	2012
1809	2013
1809	2014
1809	2015
1809	2016
1809	2017
1809	2018
1809	2019
1809	2020
1809	2021
1809	2022
1809	2023
1809	2024
1809	2025
1809	2026
1809	2027
1809	2028
1809	2029
1809	2030
1809	2031
1809	2032
1809	2033
1809	2034
1809	2035
1809	2036
1809	2037
1809	2038
1809	2039
1809	2040
1809	2041
1809	2042
1809	2043
1809	2044
1809	2045
1809	2046
1809	2047
1809	2048
1809	2049
1809	2050
1809	2051
1809	2052
1809	2053
1809	2054
1809	2055
1809	2056
1809	2057
1809	2058
1809	2059
1809	2060
1809	2061
1809	2062
1809	2063
1809	2064
1809	2065
1809	2066
1809	2067
1809	2068
1809	2069
1809	2070
1809	2071
1809	2072
1809	2073
1809	2074
1809	2075
1809	2076
1809	2077
1809	2078
1809	2079
1809	2080
1809	2081
1809	2082
1809	2083
1809	2084
1809	2085
1809	2086
1809	2087
1809	2088
1809	2089
1809	2090
1809	2091
1809	2092
1809	2093
1809	2094
1809	2095
1809	2096
1809	2097
1809	2098
1809	2099
1809	2100
1809	2101
1809	2102
1809	2103
1809	2104
1809	2105
1809	2106
1809	2107
1809	2108
1809	2109
1809	2110
1809	2111
1809	2112
1809	2113
1809	2114
1809	2115
1809	2116
1809	2117
1809	2118
1809	2119
1809	2120
1809	2121
1809	2122
1809	2123
1809	2124
1809	2125
1809	2126
1809	2127
1809	2128
1809	2129
1809	2130
1809	2131
1809	2132
1809	2133
1809	2134
1809	2135
1809	2136
1809	2137
1809	2138
1809	2139
1809	2140
1809	2141
1809	2142
1809	2143
1809	2144
1809	2145
1809	2146
1809	2147
1809	2148
1809	2149
1809	2150
1809	2151
1809	2152
1809	2153
1809	2154
1809	2155
1809	2156
1809	2157
1809	2158
1809	2159
1809	2160
1809	2161
1809	2162
1809	2163
1809	2164
1809	2165
1809	2166
1809	2167
1809	2168
1809	2169
1809	2170
1809	2171
1809	2172
1809	2173
1809	2174
1809	2175
1809	2176
1809	2177
1809	2178
1809	2179
1809	2180
1809	2181
1809	2182
1809	2183
1809	2184
1809	2185
1809	2186
1809	2187
1809	2188
1809	2189
1809	2190
1809	2191
1809	2192
1809	2193
1809	2194
1809	2195
1809	2196
1809	2197
1809	2198
1809	2199
1809	2200
1809	2201
1809	2202
1809	2203
1809	2204
1809	2205
1809	2206
1809	2207
1809	2208
1809	2209
1809	2210
1809	2211
1809	2212
1809	2213
1809	2214
1809	2215
1809	2216
1809	2217
1809	2218
1809	2219
1809	2220
1809	2221
1809	2222
1809	2223
1809	2224
1809	2225
1809	2226
1809	2227
1809	2228
1809	2229
1809	2230
1809	2231
1809	2232
1809	2233
1809	2234
1809	2235
1809	2236
1809	2237
1809	2238
1809	2239
1809	2240
1809	2241
1809	2242
1809	2243
1809	2244
1809	2245
1809	2246
1809	2247
1809	2248
1809	2249
1809	2250
1809	2251
1809	2252
1809	2253
1809	2254
1809	2255
1809	2256
1809	2257
1809	2258
1809	2259
1809	2260
1809	2261
1809	2262
1809	2263
1809	2264
1809	2265
1809	2266
1809	2267
1809	2268
1809	2269
1809	2270
1809	2271
1809	2272
1809	2273
1809	2274
1809	2275
1809	2276
1809	2277
1809	2278
1809	2279
1809	2280
1809	2281
1809	2282
1809	2283
1809	2284
1809	2285
1809	2286
1809	2287
1809	2288
1809	2289
1809	2290
1809	2291
1809	2292
1809	2293
1809	2294
1809	2295
1809	2296
1809	2297
1809	2298
1809	2299
1809	2300
1809	2301
1809	2302
1809	2303
1809	2304
1809	2305
1809	2306
1809	2307
1809	2308
1809	2309
1809	2310
1809	2311
1809	2312
1809	2313
1809	2314
1809	2315
1809	2316
1809	2317
1809	2318
1809	2319
1809	2320
1809	2321
1809	2322
1809	2323
1809	2324
1809	2325
1809	2326
1809	2327
1809	2328
1809	2329
1809	2330
1809	2331
1809	2332
1809	2333
1809	2334
1809	2335
1809	2336
1809	2337
1809	2338
1809	2339
1809	2340
1809	2341
1809	2342
1809	2343
1809	2344
1809	2345
1809	2346
1809	2347
1809	2348
1809	2349
1809	2350
1809	2351
1809	2352
1809	2353
1809	2354
1809	2355
1809	2356
1809	2357
1809	2358
1809	2359
1809	2360
1809	2361
1809	2362
1809	2363
1809	2364
1809	2365
1809	2366
1809	2367
1809	2368
1809	2369
1809	2370
1809	2371
1809	2372
1809	2373
1809	2374
1809	2375
1809	2376
1809	2377
1809	2378
1809	2379
1809	2380
1809	2381
1809	2382
1809	2383
1809	2384
1809	2385
1809	2386
1809	2387
1809	2388
1809	2389
1809	2390
1809	2391
1809	2392
1809	2393
1809	2394
1809	2395
1809	2396
1809	2397
1809	2398
1809	2399
1809	2400
1809	2401
1809	2402
1809	2403
1809	2404
1809	2405
1809	2406
1809	2407
1809	2408
1809	2409
1809	2410
1809	2411
1809	2412
1809	2413
1809	2414
1809	2415
1809	2416
1809	2417
1809	2418
1809	2419
1809	2420
1809	2421
1809	2422
1809	2423
1809	2424
1809	2425
1809	2426
1809	2427
1809	2428
1809	2429
1809	2430
1809	2431
1809	2432
1809	2433
1809	2434
1809	2435
1809	2436
1809	2437
1809	2438
1809	2439
1809	2440
1809	2441
1809	2442
1809	2443
1809	2444
1809	2445
1809	2446
1809	2447
1809	2448
1809	2449
1809	2450
1809	2451
1809	2452
1809	2453
1809	2454
1809	2455
1809	2456
1809	2457
1809	2458
1809	2459
1809	2460
1809	2461
1809	2462
1809	2463
1809	2464
1809	2465
1809	2466
1809	2467
1809	2468
1809	2469
1809	2470
1809	2471
1809	2472
1809	2473
1809	2474
1809	2475
1809	2476
1809	2477
1809	2478
1809	2479
1809	2480
1809	2481
1809	2482
1809	2483
1809	2484
1809	2485
1809	2486
1809	2487
1809	2488
1809	2489
1809	2490
1809	2491
1809	2492
1809	2493
1809	2494
1809	2495
1809	2496
1809	2497
1809	2498
1809	2499
1809	2500
1809	2501
1809	2502
1809	2503
1809	2504
1809	2505
1809	2506
1809	2507
1809	2508
1809	2509
1809	2510
1809	2511
1809	2512
1809	2513
1809	2514
1809	2515
1809	2516
1809	2517
1809	2518
1809	2519
1809	2520
1809	2521
1809	2522
1809	2523
1809	2524
1809	2525
1809	2526
1809	2527
1809	2528
1809	2529
1809	2530
1809	2531
1809	2532
1809	2533
1809	2534
1809	2535
1809	2536
1809	2537
1809	2538
1809	2539
1809	2540
1809	2541
1809	2542
1809	2543
1809	2544
1809	2545
1809	2546
1809	2547
1809	2548
1809	2549
1809	2550
1809	2551
1809	2552
1809	2553
1809	2554
1809	2555
1809	2556
1809	2557
1809	2558
1809	2559
1809	2560
1809	2561
1809	2562
1809	2563
1809	2564
1809	2565
1809	2566
1809	2567
1809	2568
1809	2569
1809	2570
1809	2571
1809	2572
1809	2573
1809	2574
1809	2575
1809	2576
1809	2577
1809	2578
1809	2579
1809	2580
1809	2581
1809	2582
1809	2583
1809	2584
1809	2585
1809	2586
1809	2587
1809	2588
1809	2589
1809	2590
1809	2591
1809	2592
1809	2593
1809	2594
1809	2595
1809	2596
1809	2597
1809	2598
1809	2599
1809	2600
1809	2601
1809	2602
1809	2603
1809	2604
1809	2605
1809	2606
1809	2607
1809	2608
1809	2609
1809	2610
1809	2611
1809	2612
1809	2613
1809	2614
1809	2615
1809	2616
1809	2617
1809	2618
1809	2619
1809	2620
1809	2621
1809	2622
1809	2623
1809	2624
1809	2625
1809	2626
1809	2627
1809	2628
1809	2629
1809	2630
1809	2631
1809	2632
1809	2633
1809	2634
1809	2635
1809	2636
1809	2637
1809	2638
1809	2639
1809	2640
1809	2641
1809	2642
1809	2643
1809	2644
1809	2645
1809	2646
1809	2647
1809	2648
1809	2649
1809	2650
1809	2651
1809	2652
1809	2653
1809	2654
1809	2655
1809	2656
1809	2657
1809	2658
1809	2659
1809	2660
1809	2661
1809	2662
1809	2663
1809	2664
1809	2665
1809	2666
1809	2667
1809	2668
1809	2669
1809	2670
1809	2671
1809	2672
1809	2673
1809	2674
1809	2675
1809	2676
1809	2677
1809	2678
1809	2679
1809	2680
1809	2681
1809	2682
1809	2683
1809	2684
1809	2685
1809	2686
1809	2687
1809	2688
1809	2689
1809	2690
1809	2691
1809	2692
1809	2693
1809	2694
1809	2695
1809	2696
1809	2697
1809	2698
1809	2699
1809	2700
1809	2701
1809	2702
1809	2703
1809	2704
1809	2705
1809	2706
1809	2707
1809	2708
1809	2709
1809	2710
1809	2711
1809	2712
1809	2713
1809	2714
1809	2715
1809	2716
1809	2717
1809	2718
1809	2719
1809	2720
1809	2721
1809	2722
1809	2723
1809	2724
1809	2725
1809	2726
1809	2727
1809	2728
1809	2729
1809	2730
1809	2731
1809	2732
1809	2733
1809	2734
1809	2735
1809	2736
1809	2737
1809	2738
1809	2739
1809	2740
1809	2741
1809	2742
1809	2743
1809	2744
1809	2745
1809	2746
1809	2747
1809	2748
1809	2749
1809	2750
1809	2751
1809	2752
1809	2753
1809	2754
1809	2755
1809	2756
1809	2757
1809	2758
1809	2759
1809	2760
1809	2761
1809	2762
1809	2763
1809	2764
1809	2765
1809	2766
1809	2767
1809	2768
1809	2769
1809	2770
1809	2771
1809	2772
1809	2773
1809	2774
1809	2775
1809	2776
1809	2777
1809	2778
1809	2779
1809	2780
1809	2781
1809	2782
1809	2783
1809	2784
1809	2785
1809	2786
1809	2787
1809	2788
1809	2789
1809	2790
1809	2791
1809	2792
1809	2793
1809	2794
1809	2795
1809	2796
1809	2797
1809	2798
1809	2799
1809	2800
1809	2801
1809	2802
1809	2803
1809	2804
1809	2805
1809	2806
1809	2807
1809	2808
1809	2809
1809	2810
1809	2811
1809	2812
1809	2813
1809	2814
1809	2815
1809	2816
1809	2817
1809	2818
1809	2819
1809	2820
1809	2821
1809	2822
1809	2823
1809	2824
1809	2825
1809	2826
1809	2827
1809	2828
1809	2829
1809	2830
1809	2831
1809	2832
1809	2833
1809	2834
1809	2835
1809	2836
1809	2837
1809	2838
1809	2839
1809	2840
1809	2841
1809	2842
1809	2843
1809	2844
1809	2845
1809	2846
1809	2847
1809	2848
1809	2849
1809	2850
1809	2851
1809	2852
1809	2853
1809	2854
1809	2855
1809	2856
1809	2857
1809	2858
1809	2859
1809	2860
1809	2861
1809	2862
1809	2863
1809	2864
1809	2865
1809	2866
1809	2867
1809	2868
1809	2869
1809	2870
1809	2871
1809	2872
1809	2873
1809	2874
1809	2875
1809	2876
1809	2877
1809	2878
1809	2879
1809	2880
1809	2881
1809	2882
1809	2883
1809	2884
1809	2885
1809	2886
1809	2887
1809	2888
1809	2889
1809	2890
1809	2891
1809	2892
1809	2893
1809	2894
1809	2895
1809	2896
1809	2897
1809	2898
1809	2899
1809	2900
1809	2901
1809	2902
1809	2903
1809	2904
1809	2905
1809	2906
1809	2907
1809	2908
1809	2909
1809	2910
1809	2911
1809	2912
1809	2913
1809	2914
1809	2915
1809	2916
1809	2917
1809	2918
1809	2919
1809	2920
1809	2921
1809	2922
1809	2923
1809	2924
1809	2925
1809	2926
1809	2927
1809	2928
1809	2929
1809	2930
1809	2931
1809	2932
1809	2933
1809	2934
1809	2935
1809	2936
1809	2937
1809	2938
1809	2939
1809	2940
1809	2941
1809	2942
1809	2943
1809	2944
1809	2945
1809	2946
1809	2947
1809	2948
1809	2949
1809	2950
1809	2951
1809	2952
1809	2953
1809	2954
1809	2955
1809	2956
1809	2957
1809	2958
1809	2959
1809	2960
1809	2961
1809	2962
1809	2963
1809	2964
1809	2965
1809	2966
1809	2967
1809	2968
1809	2969
1809	2970
1809	2971
1809	2972
1809	2973
1809	2974
1809	2975
1809	2976
1809	2977
1809	2978
1809	2979
1809	2980
1809	2981
1809	2982
1809	2983
1809	2984
1809	2985
1809	2986
1809	2987
1809	2988
1809	2989
1809	2990
1809	2991
1809	2992
1809	2993
1809	2994
1809	2995
1809	2996
1809	2997
1809	2998
1809	2999
1809	3000
1809	3001
1809	3002
1809	3003
1809	3004
1809	3005
1809	3006
1809	3007
1809	3008
1809	3009
1809	3010
1809	3011
1809	3012
1809	3013
1809	3014
1809	3015
1809	3016
1809	3017
1809	3018
1809	3019
1809	3020
1809	3021
1809	3022
1809	3023
1809	3024
1809	3025
1809	3026
1809	3027
1809	3028
1809	3029
1809	3030
1809	3031
1809	3032
1809	3033
1809	3034
1809	3035
1809	3036
1809	3037
1809	3038
1809	3039
1809	3040
1809	3041
1809	3042
1809	3043
1809	3044
1809	3045
1809	3046
1809	3047
1809	3048
1809	3049
1809	3050
1809	3051
1809	3052
1809	3053
1809	3054
1809	3055
1809	3056
1809	3057
1809	3058
1809	3059
1809	3060
1809	3061
1809	3062
1809	3063
1809	3064
1809	3065
1809	3066
1809	3067
1809	3068
1809	3069
1809	3070
1809	3071
1809	3072
1809	3073
1809	3074
1809	3075
1809	3076
1809	3077
1809	3078
1809	3079
1809	3080
1809	3081
1809	3082
1809	3083
1809	3084
1809	3085
1809	3086
1809	3087
1809	3088
1809	3089
1809	3090
1809	3091
1809	3092
1809	3093
1809	3094
1809	3095
1809	3096
1809	3097
1809	3098
1809	3099
1809	3100
1809	3101
1809	3102
1809	3103
1809	3104
1809	3105
1809	3106
1809	3107
1809	3108
1809	3109
1809	3110
1809	3111
1809	3112
1809	3113
1809	3114
1809	3115
1809	3116
1809	3117
1809	3118
1809	3119
1809	3120
1809	3121
1809	3122
1809	3123
1809	3124
1809	3125
1809	3126
1809	3127
1809	3128
1809	3129
1809	3130
1809	3131
1809	3132
1809	3133
1809	3134
1809	3135
1809	3136
1809	3137
1809	3138
1809	3139
1809	3140
1809	3141
1809	3142
1809	3143
1809	3144
1809	3145
1809	3146
1809	3147
1809	3148
1809	3149
1809	3150
1809	3151
1809	3152
1809	3153
1809	3154
1809	3155
1809	3156
1809	3157
1809	3158
1809	3159
1809	3160
1809	3161
1809	3162
1809	3163
1809	3164
1809	3165
1809	3166
1809	3167
1809	3168
1809	3169
1809	3170
1809	3171
1809	3172
1809	3173
1809	3174
1809	3175
1809	3176
1809	3177
1809	3178
1809	3179
1809	3180
1809	3181
1809	3182
1809	3183
1809	3184
1809	3185
1809	3186
1809	3187
1809	3188
1809	3189
1809	3190
1809	3191
1809	3192
1809	3193
1809	3194
1809	3195
1809	3196
1809	3197
1809	3198
1809	3199
1809	3200
1809	3201
1809	3202
1809	3203
1809	3204
1809	3205
1809	3206
1809	3207
1809	3208
1809	3209
1809	3210
1809	3211
1809	3212
1809	3213
1809	3214
1809	3215
1809	3216
1809	3217
1809	3218
1809	3219
1809	3220
1809	3221
1809	3222
1809	3223
1809	3224
1809	3225
1809	3226
1809	3227
1809	3228
1809	3229
1809	3230
1809	3231
1809	3232
1809	3233
1809	3234
1809	3235
1809	3236
1809	3237
1809	3238
1809	3239
1809	3240
1809	3241
1809	3242
1809	3243
1809	3244
1809	3245
1809	3246
1809	3247
1809	3248
1809	3249
1809	3250
1809	3251
1809	3252
1809	3253
1809	3254
1809	3255
1809	3256
1809	3257
1809	3258
1809	3259
1809	3260
1809	3261
1809	3262
1809	3263
1809	3264
1809	3265
1809	3266
1809	3267
1809	3268
1809	3269
1809	3270
1809	3271
1809	3272
1809	3273
1809	3274
1809	3275
1809	3276
1809	3277
1809	3278
1809	3279
1809	3280
1809	3281
1809	3282
1809	3283
1809	3284
1809	3285
1809	3286
1809	3287
1809	3288
1809	3289
1809	3290
1809	3291
1809	3292
1809	3293
1809	3294
1809	3295
1809	3296
1809	3297
1809	3298
1809	3299
1809	3300
1809	3301
1809	3302
1809	3303
1809	3304
1809	3305
1809	3306
1809	3307
1809	3308
1809	3309
1809	3310
1809	3311
1809	3312
1809	3313
1809	3314
1809	3315
1809	3316
1809	3317
1809	3318
1809	3319
1809	3320
1809	3321
1809	3322
1809	3323
1809	3324
1809	3325
1809	3326
1809	3327
1809	3328
1809	3329
1809	3330
1809	3331
1809	3332
1809	3333
1809	3334
1809	3335
1809	3336
1809	3337
1809	3338
1809	3339
1809	3340
1809	3341
1809	3342
1809	3343
1809	3344
1809	3345
1809	3346
1809	3347
1809	3348
1809	3349
1809	3350
1809	3351
1809	3352
1809	3353
1809	3354
1809	3355
1809	3356
1809	3357
1809	3358
1809	3359
1809	3360
1809	3361
1809	3362
1809	3363
1809	3364
1809	3365
1809	3366
1809	3367
1809	3368
1809	3369
1809	3370
1809	3371
1809	3372
1809	3373
1809	3374
1809	3375
1809	3376
1809	3377
1809	3378
1809	3379
1809	3380
1809	3381
1809	3382
1809	3383
1809	3384
1809	3385
1809	3386
1809	3387
1809	3388
1809	3389
1809	3390
1809	3391
1809	3392
1809	3393
1809	3394
1809	3395
1809	3396
1809	3397
1809	3398
1809	3399
1809	3400
1809	3401
1809	3402
1809	3403
1809	3404
1809	3405
1809	3406
1809	3407
1809	3408
1809	3409
1809	3410
1809	3411
1809	3412
1809	3413
1809	3414
1809	3415
1809	3416
1809	3417
1809	3418
1809	3419
1809	3420
1809	3421
1809	3422
1809	3423
1809	3424
1809	3425
1809	3426
1809	3427
1809	3428
1809	3429
1809	3430
1809	3431
1809	3432
1809	3433
1809	3434
1809	3435
1809	3436
1809	3437
1809	3438
1809	3439
1809	3440
1809	3441
1809	3442
1809	3443
1809	3444
1809	3445
1809	3446
1809	3447
1809	3448
1809	3449
1809	3450
1809	3451
1809	3452
1809	3453
1809	3454
1809	3455
1809	3456
1809	3457
1809	3458
1809	3459
1809	3460
1809	3461
1809	3462
1809	3463
1809	3464
1809	3465
1809	3466
1809	3467
1809	3468
1809	3469
1809	3470
1809	3471
1809	3472
1809	3473
1809	3474
1809	3475
1809	3476
1809	3477
1809	3478
1809	3479
1809	3480
1809	3481
1809	3482
1809	3483
1809	3484
1809	3485
1809	3486
1809	3487
1809	3488
1809	3489
1809	3490
1809	3491
1809	3492
1809	3493
1809	3494
1809	3495
1809	3496
1809	3497
1809	3498
1809	3499
1809	3500
1809	3501
1809	3502
1809	3503
1809	3504
1809	3505
1809	3506
1809	3507
1809	3508
1809	3509
1809	3510
1809	3511
1809	3512
1809	3513
1809	3514
1809	3515
1809	3516
1809	3517
1809	3518
1809	3519
1809	3520
1809	3521
1809	3522
1809	3523
1809	3524
1809	3525
1809	3526
1809	3527
1809	3528
1809	3529
1809	3530
1809	3531
1809	3532
1809	3533
1809	3534
1809	3535
1809	3536
1809	3537
1809	3538
1809	3539
1809	3540
1809	3541
1809	3542
1809	3543
1809	3544
1809	3545
1809	3546
1809	3547
1809	3548
1809	3549
1809	3550
1809	3551
1809	3552
1809	3553
1809	3554
1809	3555
1809	3556
1809	3557
1809	3558
1809	3559
1809	3560
1809	3561
1809	3562
1809	3563
1809	3564
1809	3565
1809	3566
1809	3567
1809	3568
1809	3569
1809	3570
1809	3571
1809	3572
1809	3573
1809	3574
1809	3575
1809	3576
1809	3577
1809	3578
1809	3579
1809	3580
1809	3581
1809	3582
1809	3583
1809	3584
1809	3585
1809	3586
1809	3587
1809	3588
1809	3589
1809	3590
1809	3591
1809	3592
1809	3593
1809	3594
1809	3595
1809	3596
1809	3597
1809	3598
1809	3599
1809	3600
1809	3601
1809	3602
1809	3603
1809	3604
1809	3605
1809	3606
1809	3607
1809	3608
1809	3609
1809	3610
1809	3611
1809	3612
1809	3613
1809	3614
1809	3615
1809	3616
1809	3617
1809	3618
1809	3619
1809	3620
1809	3621
1809	3622
1809	3623
1809	3624
1809	3625
1809	3626
1809	3627
1809	3628
1809	3629
1809	3630
1809	3631
1809	3632
1809	3633
1809	3634
1809	3635
1809	3636
1809	3637
1809	3638
1809	3639
1809	3640
1809	3641
1809	3642
1826	3643
1838	3644
1844	3645
1844	3646
1844	3647
1844	3648
1847	3649
1864	3650
1921	3651
1921	3652
1921	3653
1921	3654
1921	3655
1921	3656
1921	3657
1921	3658
1921	3659
1921	3660
1921	3661
1921	3662
1921	3663
1921	3664
1921	3665
1921	3666
1921	3667
1921	3668
1921	3669
1921	3670
1921	3671
1921	3672
1921	3673
1921	3674
1921	3675
1921	3676
1921	3677
1921	3678
1921	3679
1921	3680
1921	3681
1921	3682
1921	3683
1921	3684
1921	3685
1921	3686
1921	3687
1921	3688
1921	3689
1921	3690
1921	3691
1921	3692
1921	3693
1921	3694
1921	3695
1921	3696
1921	3697
1921	3698
1921	3699
1921	3700
1921	3701
1921	3702
1921	3703
1921	3704
1921	3705
1921	3706
1921	3707
1921	3708
1921	3709
1921	3710
1921	3711
1921	3712
1921	3713
1921	3714
1921	3715
1921	3716
1921	3717
1921	3718
1921	3719
1921	3720
1921	3721
1921	3722
1921	3723
1921	3724
1921	3725
1921	3726
1921	3727
1921	3728
1921	3729
1921	3730
1921	3731
1921	3732
1921	3733
1921	3734
1921	3735
1921	3736
1923	3737
1923	3738
1923	3739
1923	3740
1924	3741
1924	3742
1924	3743
1924	3744
1931	3745
1932	3746
1932	3747
1932	3748
1932	3749
1932	3750
1932	3751
1932	3752
1932	3753
1932	3754
1932	3755
1932	3756
1932	3757
1932	3758
1932	3759
1932	3760
1932	3761
1932	3762
1932	3763
1932	3764
1932	3765
1932	3766
1932	3767
1932	3768
1932	3769
1932	3770
1932	3771
1932	3772
1932	3773
1932	3774
1932	3775
1932	3776
1932	3777
1932	3778
1932	3779
1932	3780
1932	3781
1932	3782
1932	3783
1932	3784
1932	3785
1932	3786
1932	3787
1932	3788
1932	3789
1932	3790
1932	3791
1932	3792
1932	3793
1932	3794
1932	3795
1932	3796
1932	3797
1932	3798
1932	3799
1932	3800
1932	3801
1932	3802
1933	3803
1933	3804
1933	3805
1933	3806
1933	3807
1933	3808
1933	3809
1933	3810
1933	3811
1933	3812
1933	3813
1933	3814
1933	3815
1933	3816
1933	3817
1933	3818
1933	3819
1933	3820
1933	3821
1933	3822
1933	3823
1933	3824
1933	3825
1933	3826
1933	3827
1933	3828
1933	3829
1933	3830
1933	3831
1934	3832
1935	3833
1935	3834
1935	3835
1935	3836
1936	3837
1936	3838
1936	3839
1936	3840
1936	3841
1936	3842
1936	3843
1936	3844
1936	3845
1936	3846
1936	3847
1936	3848
1936	3849
1936	3850
1936	3851
1936	3852
1936	3853
1936	3854
1936	3855
1936	3856
1936	3857
1937	3858
1943	3859
1943	3860
1944	3861
1944	3862
1949	3863
1949	3864
1953	3865
1953	3866
1953	3867
1953	3868
1953	3869
1954	3870
1954	3871
1954	3872
1954	3873
1954	3874
1954	3875
1954	3876
1954	3877
1954	3878
1954	3879
1954	3880
1954	3881
1955	3882
1955	3883
1955	3884
1955	3885
1955	3886
1962	3887
1963	3888
1965	3889
1966	3890
1966	3891
1966	3892
1966	3893
1966	3894
1966	3895
1966	3896
1966	3897
1966	3898
1974	3899
1974	3900
1976	3901
1976	3902
1980	3903
1980	3904
1981	3905
1981	3906
1981	3907
1981	3908
1982	3909
1983	3910
1984	3911
1984	3912
1984	3913
1984	3914
1984	3915
1985	3916
1986	3917
1987	3918
1987	3919
1987	3920
1987	3921
1987	3922
1987	3923
1987	3924
1987	3925
1987	3926
1987	3927
1987	3928
1987	3929
1987	3930
1987	3931
1987	3932
1987	3933
1987	3934
1987	3935
1987	3936
1987	3937
1988	3938
1990	3939
1990	3940
1990	3941
1990	3942
1990	3943
1990	3944
1990	3945
1990	3946
1990	3947
1990	3948
1990	3949
1990	3950
1990	3951
1990	3952
1990	3953
1990	3954
1990	3955
1990	3956
1990	3957
1990	3958
1990	3959
1990	3960
1990	3961
1990	3962
1990	3963
1990	3964
1990	3965
1990	3966
1990	3967
1990	3968
1990	3969
1990	3970
1990	3971
1990	3972
1990	3973
1990	3974
1990	3975
1990	3976
1990	3977
1990	3978
1990	3979
1990	3980
1990	3981
1990	3982
1990	3983
1990	3984
1990	3985
1990	3986
1990	3987
1990	3988
1990	3989
1990	3990
1990	3991
1990	3992
1990	3993
1990	3994
1990	3995
1990	3996
1990	3997
1990	3998
1990	3999
1990	4000
1990	4001
1990	4002
1990	4003
1990	4004
1990	4005
1990	4006
1990	4007
1990	4008
1990	4009
1990	4010
1990	4011
1990	4012
1990	4013
1990	4014
1990	4015
1990	4016
1990	4017
1996	4018
1996	4019
1996	4020
1996	4021
1996	4022
1996	4023
1996	4024
1996	4025
1996	4026
1996	4027
1996	4028
1996	4029
1996	4030
1996	4031
1996	4032
1996	4033
1996	4034
1996	4035
1996	4036
1996	4037
1996	4038
1996	4039
1996	4040
1996	4041
1996	4042
1996	4043
1996	4044
1996	4045
1996	4046
1996	4047
1996	4048
1996	4049
1996	4050
1996	4051
1996	4052
1996	4053
1996	4054
1996	4055
1996	4056
1996	4057
1996	4058
1996	4059
1996	4060
1996	4061
1996	4062
1996	4063
1996	4064
1996	4065
1996	4066
1996	4067
1996	4068
1996	4069
1996	4070
1996	4071
1996	4072
1996	4073
1996	4074
1996	4075
1996	4076
1996	4077
1996	4078
1996	4079
1996	4080
1996	4081
1996	4082
1996	4083
1996	4084
1996	4085
1996	4086
1996	4087
1996	4088
1996	4089
1996	4090
1996	4091
1996	4092
1996	4093
1996	4094
2006	4095
2012	4096
2012	4097
2012	4098
2012	4099
2012	4100
2012	4101
2012	4102
2012	4103
2012	4104
2012	4105
2012	4106
2012	4107
2012	4108
2012	4109
2012	4110
2012	4111
2012	4112
2012	4113
2012	4114
2012	4115
2012	4116
2012	4117
2012	4118
2012	4119
2012	4120
2012	4121
2012	4122
2012	4123
2012	4124
2012	4125
2012	4126
2012	4127
2012	4128
2012	4129
2012	4130
2012	4131
2012	4132
2012	4133
2012	4134
2012	4135
2012	4136
2012	4137
2012	4138
2012	4139
2012	4140
2012	4141
2012	4142
2012	4143
2012	4144
2012	4145
2012	4146
2012	4147
2012	4148
2012	4149
2012	4150
2012	4151
2012	4152
2012	4153
2012	4154
2012	4155
2012	4156
2012	4157
2012	4158
2012	4159
2012	4160
2012	4161
2012	4162
2012	4163
2012	4164
2012	4165
2012	4166
2012	4167
2012	4168
2012	4169
2012	4170
2012	4171
2012	4172
2012	4173
2012	4174
2012	4175
2012	4176
2012	4177
2012	4178
2012	4179
2012	4180
2012	4181
2013	4182
2013	4183
2013	4184
2013	4185
2013	4186
2014	4187
2014	4188
2014	4189
2014	4190
2014	4191
2014	4192
2015	4193
2015	4194
2015	4195
2015	4196
2015	4197
2015	4198
2015	4199
2015	4200
2015	4201
2015	4202
2015	4203
2015	4204
2015	4205
2015	4206
2015	4207
2015	4208
2015	4209
2015	4210
2015	4211
2015	4212
2015	4213
2015	4214
2015	4215
2015	4216
2015	4217
2015	4218
2015	4219
2015	4220
2015	4221
2015	4222
2015	4223
2015	4224
2015	4225
2015	4226
2015	4227
2015	4228
2015	4229
2015	4230
2015	4231
2015	4232
2015	4233
2015	4234
2015	4235
2015	4236
2015	4237
2015	4238
2015	4239
2015	4240
2015	4241
2015	4242
2015	4243
2015	4244
2015	4245
2015	4246
2015	4247
2015	4248
2015	4249
2015	4250
2015	4251
2015	4252
2015	4253
2015	4254
2015	4255
2015	4256
2015	4257
2015	4258
2015	4259
2015	4260
2015	4261
2015	4262
2015	4263
2015	4264
2015	4265
2015	4266
2015	4267
2015	4268
2015	4269
2015	4270
2015	4271
2015	4272
2015	4273
2015	4274
2017	4275
2017	4276
2017	4277
2017	4278
2017	4279
2017	4280
2017	4281
2017	4282
2017	4283
2017	4284
2017	4285
2017	4286
2017	4287
2017	4288
2017	4289
2017	4290
2017	4291
2017	4292
2017	4293
2017	4294
2017	4295
2017	4296
2017	4297
2017	4298
2017	4299
2017	4300
2017	4301
2017	4302
2017	4303
2017	4304
2017	4305
2017	4306
2017	4307
2017	4308
2017	4309
2017	4310
2017	4311
2017	4312
2017	4313
2017	4314
2017	4315
2017	4316
2017	4317
2017	4318
2017	4319
2017	4320
2017	4321
2017	4322
2017	4323
2017	4324
2017	4325
2017	4326
2017	4327
2017	4328
2017	4329
2017	4330
2017	4331
2017	4332
2017	4333
2017	4334
2017	4335
2017	4336
2017	4337
2017	4338
2017	4339
2017	4340
2017	4341
2017	4342
2017	4343
2017	4344
2017	4345
2017	4346
2017	4347
2017	4348
2017	4349
2017	4350
2017	4351
2017	4352
2017	4353
2017	4354
2017	4355
2017	4356
2017	4357
2017	4358
2017	4359
2017	4360
2017	4361
2022	4362
2024	4363
2024	4364
2024	4365
2031	4366
2031	4367
2031	4368
2031	4369
2031	4370
2034	4371
2034	4372
2034	4373
2035	4374
2036	4375
2036	4376
2037	4377
2040	4378
2041	4379
2041	4380
2041	4381
2041	4382
2041	4383
2041	4384
2041	4385
2041	4386
2042	4387
2042	4388
2046	4389
2046	4390
2046	4391
2046	4392
2046	4393
2051	4394
2054	4395
2056	4396
2056	4397
2056	4398
2056	4399
2056	4400
2056	4401
2056	4402
2056	4403
2056	4404
2056	4405
2056	4406
2056	4407
2056	4408
2056	4409
2056	4410
2056	4411
2056	4412
2056	4413
2056	4414
2056	4415
2056	4416
2056	4417
2056	4418
2056	4419
2056	4420
2056	4421
2056	4422
2056	4423
2056	4424
2056	4425
2056	4426
2056	4427
2056	4428
2056	4429
2056	4430
2056	4431
2056	4432
2056	4433
2057	4434
2059	4435
2060	4436
2062	4437
2064	4438
2065	4439
2065	4440
2065	4441
2065	4442
2065	4443
2065	4444
2065	4445
2066	4446
2068	4447
2068	4448
2068	4449
2068	4450
