0	1
0	2
1	3
2	4
3	5
4	6
5	7
6	8
7	9
8	10
9	11
10	12
11	13
12	14
13	15
14	16
15	17
16	18
17	19
18	20
19	21
20	22
21	23
22	24
23	25
24	26
25	27
26	28
27	29
28	30
29	31
30	32
31	33
32	34
33	35
34	36
35	37
36	38
37	39
38	40
38	3649
39	41
40	42
41	43
42	44
43	45
44	46
45	47
46	48
47	49
48	50
49	51
50	52
51	53
52	54
53	55
54	56
55	57
56	58
57	59
58	60
59	61
60	62
61	63
62	64
63	65
63	574
64	66
65	67
66	68
67	69
68	70
69	71
70	72
71	73
72	74
73	75
74	76
75	77
76	78
77	79
78	80
79	81
80	82
81	83
82	84
83	85
84	86
85	87
86	88
87	89
88	90
89	91
90	92
91	93
92	94
93	95
94	96
95	97
96	98
97	99
98	100
99	101
100	102
101	103
102	104
103	105
104	106
105	107
106	108
107	109
108	110
109	111
110	112
111	113
112	114
113	115
113	3957
114	117
115	118
116	119
117	120
118	121
119	122
119	1626
120	123
121	124
122	125
123	126
124	128
125	129
126	130
126	131
126	132
126	133
126	134
126	135
127	136
128	137
129	138
130	139
131	140
132	141
133	142
134	143
135	144
136	145
137	146
138	147
139	148
140	149
141	150
142	151
143	152
144	153
145	154
146	155
147	156
148	157
148	158
148	159
148	160
148	161
149	162
150	163
150	164
151	165
152	166
153	167
154	168
155	169
156	170
156	171
157	172
158	173
159	174
160	175
161	176
162	177
163	178
164	179
165	180
166	181
167	182
168	183
169	184
170	186
170	189
171	187
172	188
173	190
174	191
175	192
175	306
176	193
177	194
178	195
179	196
180	197
181	198
182	199
183	200
184	201
185	202
186	203
187	204
188	205
189	206
190	207
191	208
192	209
193	210
194	211
194	250
195	212
196	213
197	214
198	215
199	216
199	763
200	217
200	338
200	885
200	947
201	218
202	219
203	220
204	221
205	222
206	223
207	224
208	225
209	226
210	227
210	228
211	229
212	230
212	915
213	231
214	232
214	894
215	233
216	234
217	235
218	236
219	237
219	307
220	238
221	239
221	813
221	897
222	240
223	241
224	242
225	243
226	244
227	245
228	246
229	247
230	248
231	249
232	251
233	252
234	253
235	254
236	255
237	256
237	436
238	257
239	258
240	259
241	260
242	261
243	262
244	263
245	264
246	265
246	475
247	266
248	267
249	268
249	618
250	269
251	270
252	271
253	272
253	727
254	273
255	274
256	275
257	276
258	277
259	278
260	279
261	280
262	281
263	282
264	283
265	284
266	285
267	286
268	287
268	361
268	794
269	288
270	289
271	290
272	291
273	292
274	293
275	294
276	295
277	296
277	367
278	297
278	918
279	298
280	299
281	300
282	301
283	302
283	584
284	303
285	304
286	305
287	308
288	309
289	310
290	311
291	312
292	313
292	317
293	314
294	315
295	316
295	437
295	570
296	318
297	319
297	597
297	764
298	320
299	321
300	322
301	323
302	324
303	325
304	326
305	327
306	328
307	329
308	330
309	331
310	332
311	333
312	334
313	335
314	336
315	337
316	339
317	340
318	341
319	342
320	343
321	344
322	345
323	346
324	347
325	348
326	349
327	350
328	351
329	352
330	353
331	354
332	355
333	356
334	357
335	358
336	359
337	360
338	362
339	363
339	747
340	364
341	365
342	366
343	368
344	369
345	370
346	371
347	372
347	955
348	373
349	374
350	375
350	974
351	376
352	377
353	378
354	379
355	380
356	381
356	382
357	383
357	1006
358	384
359	385
360	386
361	387
362	388
362	2501
363	389
364	390
365	391
366	392
367	393
368	394
369	395
369	765
370	396
371	397
372	398
373	399
374	400
375	401
375	516
376	402
377	403
378	404
379	405
380	406
381	407
381	678
382	408
383	409
384	410
385	411
386	412
387	413
388	414
389	415
390	416
391	417
392	418
393	419
394	420
395	421
396	422
396	752
397	423
398	424
398	425
399	426
400	427
401	428
402	429
403	430
404	431
405	432
406	433
407	434
407	2192
408	435
409	438
410	439
410	677
411	440
412	441
413	442
414	443
415	444
416	445
416	449
417	446
418	447
419	448
420	450
421	451
422	452
422	721
423	453
424	454
424	455
425	456
426	457
427	458
428	459
429	460
430	461
431	462
432	463
433	464
433	944
434	465
434	467
435	466
436	468
437	469
438	470
439	471
440	472
441	473
441	474
442	476
442	989
443	477
444	478
445	479
446	480
447	481
448	482
449	483
450	484
450	852
450	853
450	854
450	855
451	485
452	486
452	851
453	487
454	488
455	489
455	786
456	490
457	491
458	492
459	493
460	494
460	1045
461	495
462	496
463	497
464	498
464	1035
465	499
466	500
467	501
468	502
469	503
470	504
471	505
472	506
473	507
474	508
475	509
476	510
477	511
478	512
479	513
480	514
481	515
481	520
482	517
483	518
484	519
485	521
486	522
486	693
487	523
488	524
489	525
490	526
490	2195
491	527
492	528
493	529
494	530
495	531
496	532
497	533
498	534
499	535
500	536
501	537
501	750
502	538
503	539
504	540
504	828
505	541
506	542
507	543
507	545
507	1068
508	544
509	546
510	547
511	548
512	549
513	550
514	551
515	552
516	553
517	554
518	555
519	556
520	557
521	558
522	559
523	560
524	561
525	562
526	563
527	564
528	565
529	566
530	567
531	568
532	569
533	571
534	572
535	573
536	575
537	576
537	577
538	578
539	579
540	580
541	581
542	582
543	583
544	585
545	586
546	587
547	588
548	589
549	590
550	591
551	592
552	593
553	594
554	595
555	596
556	598
557	599
558	600
559	601
560	602
561	603
562	604
563	605
564	606
565	607
566	608
567	609
568	610
569	611
570	612
571	613
572	614
573	615
574	616
575	617
576	619
576	1098
577	620
578	621
579	622
580	623
581	624
582	625
582	985
583	626
584	627
585	628
586	629
587	630
588	631
589	632
590	633
591	634
591	635
592	636
593	637
594	638
595	639
596	640
597	641
598	642
599	643
600	644
601	645
602	646
603	647
604	648
605	649
606	650
606	654
607	651
608	652
609	653
609	695
610	655
611	656
611	1069
612	657
613	658
613	659
613	660
614	661
615	662
616	663
617	664
618	665
619	666
619	670
620	667
620	824
621	668
622	669
623	671
624	672
625	673
626	674
627	675
627	805
628	676
629	679
630	680
631	681
632	682
633	683
634	684
634	685
635	686
636	687
636	1215
637	688
638	689
639	690
640	691
641	692
642	694
643	696
644	697
644	1295
645	698
645	702
646	699
646	1240
647	700
648	701
649	703
650	704
651	705
652	706
653	707
654	708
655	709
656	710
657	711
658	712
659	713
660	714
661	715
662	716
663	717
664	718
665	719
666	720
667	722
668	723
669	724
670	725
671	726
672	728
673	729
674	730
675	731
676	732
677	733
678	734
678	1260
679	735
680	736
681	737
682	738
683	739
683	1249
684	740
685	741
685	1274
686	742
687	743
688	744
689	745
690	746
691	748
692	749
693	751
694	753
695	754
696	755
697	756
698	757
699	758
700	759
701	760
702	761
703	762
704	766
705	767
706	768
707	769
708	770
709	771
710	772
710	793
711	773
712	774
713	775
714	776
715	777
716	778
717	779
718	780
718	781
719	782
720	783
721	784
722	785
723	787
724	788
725	789
726	790
727	791
728	792
729	795
730	796
731	797
732	798
733	799
734	800
735	801
736	802
737	803
738	804
739	806
740	807
741	808
742	809
743	810
744	811
745	812
746	814
747	815
747	2178
748	816
748	819
749	817
749	2176
750	818
750	2177
751	820
752	821
752	2184
753	822
754	823
755	825
756	826
757	827
758	829
759	830
759	831
760	832
761	833
761	834
762	835
763	836
764	837
765	838
766	839
767	840
768	841
769	842
770	843
771	844
772	845
772	846
773	847
774	848
775	849
776	850
777	856
778	857
779	858
780	859
781	860
782	861
783	862
784	863
785	864
786	865
787	866
788	867
789	868
790	869
791	870
792	871
793	872
794	873
794	1155
795	874
796	875
797	876
798	877
799	878
800	879
801	880
802	881
803	882
804	883
805	884
806	886
807	887
808	888
809	889
810	890
811	891
812	892
813	893
814	895
815	896
816	898
817	899
818	900
819	901
819	4366
820	902
821	903
822	904
823	905
824	906
825	907
826	908
827	909
828	910
829	911
830	912
831	913
832	914
833	916
834	917
835	919
835	1312
836	920
837	921
838	922
839	923
840	924
841	925
842	926
843	927
844	928
845	929
846	930
847	931
848	932
849	933
850	934
851	935
852	936
853	937
854	938
855	939
856	940
857	941
858	942
859	943
860	945
861	946
862	948
863	949
864	950
865	951
866	952
867	953
868	954
869	956
870	957
871	958
872	959
873	960
874	961
875	962
876	963
877	964
878	965
879	966
880	967
881	968
882	969
883	970
884	971
884	1207
885	972
886	973
887	975
888	976
889	977
890	978
891	979
892	980
893	981
894	982
895	983
896	984
897	986
898	987
899	988
900	990
901	991
902	992
903	993
904	994
905	995
906	996
907	997
908	998
909	999
910	1000
911	1001
912	1002
912	2722
913	1003
914	1004
915	1005
916	1007
917	1008
918	1009
919	1010
920	1011
921	1012
922	1013
923	1014
924	1015
925	1016
926	1017
927	1018
928	1019
929	1020
930	1021
931	1022
932	1023
933	1024
934	1025
935	1026
936	1027
937	1028
938	1029
939	1030
940	1031
941	1032
942	1033
943	1034
944	1036
945	1037
946	1038
947	1039
948	1040
948	1243
949	1041
950	1042
951	1043
952	1044
953	1046
954	1047
955	1048
956	1049
957	1050
958	1051
959	1052
960	1053
961	1054
962	1055
963	1056
964	1057
965	1058
966	1059
967	1060
967	1104
968	1061
969	1062
970	1063
971	1064
972	1065
973	1066
974	1067
975	1070
976	1071
977	1072
978	1073
979	1074
980	1075
981	1076
982	1077
983	1078
984	1079
985	1080
986	1081
987	1082
988	1083
989	1084
990	1085
991	1086
992	1087
993	1088
994	1089
995	1090
996	1091
997	1092
998	1093
999	1094
1000	1095
1001	1096
1002	1097
1002	1237
1003	1099
1004	1100
1005	1101
1006	1102
1007	1103
1008	1105
1009	1106
1010	1107
1011	1108
1012	1109
1013	1110
1014	1111
1015	1112
1016	1113
1017	1114
1018	1115
1019	1116
1020	1117
1021	1118
1022	1119
1023	1120
1024	1121
1025	1122
1026	1123
1027	1124
1028	1125
1029	1126
1030	1127
1031	1128
1032	1129
1033	1130
1034	1131
1035	1132
1036	1133
1037	1134
1038	1135
1039	1136
1040	1137
1041	1138
1042	1139
1043	1140
1044	1141
1045	1142
1046	1143
1047	1144
1048	1145
1049	1146
1049	1201
1050	1147
1051	1148
1052	1149
1053	1150
1054	1151
1055	1152
1056	1153
1057	1154
1058	1156
1059	1157
1060	1158
1061	1159
1062	1160
1063	1161
1064	1162
1065	1163
1066	1164
1067	1165
1068	1166
1069	1167
1070	1168
1071	1169
1072	1170
1073	1171
1074	1172
1075	1173
1076	1174
1077	1175
1078	1176
1079	1177
1080	1178
1081	1179
1082	1180
1083	1181
1084	1182
1085	1183
1086	1184
1087	1185
1088	1186
1089	1187
1090	1188
1091	1189
1092	1190
1093	1191
1094	1192
1095	1193
1096	1194
1097	1195
1098	1196
1099	1197
1100	1198
1101	1199
1102	1200
1103	1202
1104	1203
1105	1204
1106	1205
1107	1206
1108	1208
1109	1209
1110	1210
1111	1211
1112	1212
1113	1213
1114	1214
1115	1216
1116	1217
1117	1218
1118	1219
1119	1220
1120	1221
1121	1222
1122	1223
1123	1224
1124	1225
1125	1226
1126	1227
1127	1228
1128	1229
1129	1230
1130	1231
1131	1232
1132	1233
1133	1234
1134	1235
1135	1236
1136	1238
1137	1239
1138	1241
1139	1242
1140	1244
1141	1245
1142	1246
1143	1247
1144	1248
1145	1250
1146	1251
1147	1252
1148	1253
1149	1254
1150	1255
1151	1256
1152	1257
1153	1258
1154	1259
1155	1261
1156	1262
1157	1263
1158	1264
1159	1265
1160	1266
1161	1267
1162	1268
1163	1269
1164	1270
1165	1271
1166	1272
1167	1273
1168	1275
1169	1276
1170	1277
1171	1278
1172	1279
1173	1280
1174	1281
1175	1282
1176	1283
1177	1284
1178	1285
1179	1286
1180	1287
1181	1288
1182	1289
1183	1290
1184	1291
1185	1292
1186	1293
1187	1294
1188	1296
1189	1297
1190	1298
1191	1299
1192	1300
1193	1301
1194	1302
1194	1327
1195	1303
1196	1304
1197	1305
1198	1306
1199	1307
1200	1308
1201	1309
1202	1310
1203	1311
1204	1313
1205	1314
1206	1315
1207	1316
1208	1317
1209	1318
1210	1319
1211	1320
1212	1321
1213	1322
1214	1323
1215	1324
1216	1325
1217	1326
1218	1328
1219	1329
1220	1330
1221	1331
1222	1332
1223	1333
1224	1334
1225	1335
1226	1336
1227	1337
1228	1338
1229	1339
1230	1340
1231	1341
1232	1342
1233	1343
1234	1344
1235	1346
1236	1347
1237	1348
1238	1349
1239	1350
1240	1351
1241	1352
1242	1353
1243	1354
1244	1355
1245	1356
1246	1357
1247	1358
1248	1359
1249	1360
1250	1361
1251	1362
1252	1363
1253	1364
1254	1365
1255	1366
1256	1367
1257	1368
1258	1369
1259	1370
1260	1371
1261	1372
1262	1373
1263	1374
1264	1375
1265	1376
1266	1377
1267	1378
1268	1379
1269	1380
1269	1543
1269	1655
1270	1381
1271	1382
1272	1383
1273	1384
1274	1385
1275	1386
1276	1387
1277	1388
1278	1389
1279	1390
1280	1391
1280	1407
1281	1392
1282	1393
1282	1465
1283	1394
1284	1395
1285	1396
1286	1397
1287	1398
1288	1399
1289	1400
1290	1401
1291	1402
1292	1403
1293	1404
1294	1405
1295	1406
1296	1408
1297	1409
1298	1410
1299	1411
1300	1412
1301	1413
1302	1414
1303	1415
1304	1416
1305	1417
1306	1418
1307	1419
1308	1420
1309	1421
1309	1674
1310	1422
1311	1423
1312	1424
1313	1425
1314	1426
1315	1427
1316	1428
1317	1429
1317	1430
1318	1431
1319	1432
1320	1433
1321	1434
1322	1435
1323	1436
1324	1437
1325	1438
1326	1439
1327	1440
1328	1441
1329	1442
1330	1443
1331	1444
1332	1445
1333	1446
1334	1447
1335	1448
1336	1449
1337	1450
1338	1451
1339	1452
1340	1453
1341	1454
1342	1455
1343	1456
1344	1457
1345	1458
1346	1459
1346	1498
1347	1460
1348	1461
1349	1462
1350	1463
1351	1464
1352	1466
1353	1467
1354	1468
1355	1469
1356	1470
1357	1471
1358	1472
1359	1473
1360	1474
1361	1475
1362	1476
1363	1477
1364	1478
1365	1479
1366	1480
1367	1481
1368	1482
1369	1483
1370	1484
1371	1485
1371	1617
1372	1486
1373	1487
1374	1488
1374	1490
1375	1489
1376	1491
1377	1492
1378	1493
1379	1494
1380	1495
1381	1496
1382	1497
1383	1499
1384	1500
1385	1501
1386	1502
1386	1511
1387	1503
1388	1504
1389	1505
1390	1506
1391	1507
1392	1508
1393	1509
1394	1510
1395	1512
1396	1513
1397	1514
1398	1515
1399	1516
1400	1517
1401	1518
1402	1519
1403	1520
1404	1521
1405	1522
1406	1523
1407	1524
1408	1525
1409	1526
1410	1527
1411	1528
1412	1529
1413	1530
1414	1531
1415	1532
1416	1533
1417	1534
1417	1676
1418	1535
1419	1536
1420	1537
1421	1538
1422	1539
1423	1540
1424	1541
1425	1542
1426	1544
1427	1545
1428	1546
1429	1547
1430	1548
1431	1549
1432	1550
1433	1551
1434	1552
1435	1553
1436	1554
1437	1555
1438	1556
1439	1557
1440	1558
1441	1559
1442	1560
1443	1561
1444	1562
1445	1563
1446	1564
1447	1565
1448	1566
1449	1567
1450	1568
1451	1569
1452	1570
1453	1571
1454	1572
1455	1573
1456	1574
1457	1575
1458	1576
1459	1577
1460	1578
1461	1579
1462	1580
1463	1581
1464	1582
1465	1583
1466	1584
1467	1585
1468	1586
1469	1587
1470	1588
1471	1589
1472	1590
1473	1591
1474	1592
1475	1593
1476	1594
1477	1595
1478	1596
1479	1597
1480	1598
1481	1599
1482	1600
1483	1601
1484	1602
1484	4153
1485	1603
1486	1604
1487	1605
1488	1606
1489	1607
1490	1608
1491	1609
1491	1886
1492	1610
1493	1611
1494	1612
1495	1613
1496	1614
1497	1615
1498	1616
1499	1618
1500	1619
1501	1620
1502	1621
1503	1622
1504	1623
1505	1624
1506	1625
1507	1627
1508	1628
1509	1629
1510	1630
1511	1631
1512	1632
1513	1633
1514	1634
1515	1635
1516	1636
1517	1637
1518	1638
1519	1639
1520	1640
1521	1641
1522	1642
1523	1643
1524	1644
1525	1645
1526	1646
1527	1647
1528	1648
1529	1649
1530	1650
1531	1651
1532	1652
1533	1653
1534	1654
1535	1656
1536	1657
1537	1658
1538	1659
1539	1660
1540	1661
1541	1662
1542	1663
1543	1664
1544	1665
1545	1666
1546	1667
1547	1668
1548	1669
1549	1670
1550	1671
1551	1672
1552	1673
1553	1675
1554	1677
1555	1678
1556	1679
1557	1680
1558	1681
1559	1682
1560	1683
1561	1684
1562	1685
1563	1686
1564	1687
1565	1688
1566	1689
1567	1690
1568	1691
1569	1692
1570	1693
1571	1694
1572	1695
1573	1696
1574	1697
1575	1698
1576	1699
1577	1700
1578	1701
1579	1702
1580	1703
1581	1704
1582	1705
1583	1706
1584	1707
1585	1708
1586	1709
1587	1710
1588	1711
1589	1712
1590	1713
1591	1714
1592	1715
1593	1716
1594	1717
1595	1718
1596	1719
1597	1720
1598	1721
1599	1722
1600	1723
1601	1724
1602	1725
1603	1726
1604	1727
1605	1728
1606	1729
1607	1730
1608	1731
1609	1732
1610	1733
1611	1734
1612	1735
1613	1736
1614	1737
1615	1738
1616	1739
1617	1740
1618	1741
1619	1742
1620	1743
1621	1744
1622	1745
1623	1746
1624	1747
1625	1748
1626	1749
1627	1750
1628	1751
1629	1752
1630	1753
1631	1754
1632	1755
1633	1756
1634	1757
1635	1758
1636	1759
1636	1763
1637	1760
1638	1761
1639	1762
1640	1764
1641	1765
1642	1766
1643	1767
1644	1768
1645	1769
1646	1770
1647	1771
1648	1772
1649	1773
1650	1774
1651	1775
1652	1776
1653	1777
1654	1778
1655	1779
1656	1780
1657	1781
1658	1782
1659	1783
1660	1784
1661	1785
1662	1786
1663	1787
1664	1788
1665	1789
1666	1790
1667	1791
1668	1792
1669	1793
1670	1794
1671	1795
1672	1796
1673	1797
1674	1798
1675	1799
1676	1800
1677	1801
1678	1802
1679	1803
1680	1804
1681	1805
1682	1806
1683	1807
1684	1808
1685	1809
1686	1810
1687	1811
1688	1812
1689	1813
1690	1814
1691	1815
1692	1816
1693	1817
1694	1818
1695	1819
1696	1820
1697	1821
1698	1822
1699	1823
1700	1824
1701	1825
1702	1826
1703	1827
1704	1828
1705	1829
1706	1830
1707	1831
1708	1832
1709	1833
1710	1834
1711	1835
1712	1836
1713	1837
1714	1838
1715	1839
1715	1840
1715	1841
1715	1846
1715	1857
1716	1842
1717	1843
1718	1844
1719	1845
1720	1847
1721	1848
1722	1849
1723	1850
1724	1851
1725	1852
1726	1853
1727	1854
1728	1855
1729	1856
1730	1858
1731	1859
1732	1860
1733	1861
1734	1862
1735	1863
1736	1864
1737	1865
1738	1866
1739	1867
1740	1868
1740	1911
1741	1869
1742	1870
1743	1871
1743	4125
1744	1872
1745	1873
1746	1874
1747	1875
1748	1876
1749	1877
1749	2168
1750	1878
1751	1879
1752	1880
1753	1881
1754	1882
1755	1883
1756	1884
1757	1885
1758	1887
1759	1888
1760	1889
1761	1890
1762	1891
1763	1892
1764	1893
1764	1894
1764	1895
1764	1896
1764	1897
1764	1898
1764	1899
1765	1900
1766	1901
1767	1902
1768	1903
1769	1904
1770	1905
1771	1906
1771	2009
1772	1907
1773	1908
1774	1909
1775	1910
1776	1912
1777	1913
1778	1914
1779	1915
1780	1916
1781	1917
1782	1918
1783	1919
1784	1920
1785	1921
1786	1922
1787	1923
1788	1924
1789	1925
1790	1926
1791	1927
1792	1928
1793	1929
1794	1930
1795	1931
1796	1932
1796	2143
1797	1933
1798	1934
1799	1935
1800	1936
1801	1937
1802	1938
1803	1939
1804	1940
1805	1941
1806	1942
1807	1943
1808	1944
1809	1945
1810	1946
1811	1947
1812	1948
1813	1949
1814	1950
1815	1951
1816	1952
1817	1953
1818	1954
1819	1955
1820	1956
1821	1957
1822	1958
1823	1959
1824	1960
1825	1961
1826	1962
1827	1963
1828	1964
1829	1965
1830	1966
1831	1967
1832	1968
1833	1969
1834	1970
1835	1971
1836	1972
1837	1973
1838	1974
1839	1975
1840	1976
1841	1977
1842	1978
1843	1979
1844	1980
1845	1981
1846	1982
1847	1983
1848	1984
1849	1985
1850	1986
1851	1987
1852	1988
1853	1989
1854	1990
1855	1991
1856	1992
1856	4040
1857	1993
1858	1994
1859	1995
1860	1996
1861	1997
1862	1998
1863	1999
1864	2000
1865	2001
1866	2002
1867	2003
1868	2004
1869	2005
1870	2006
1871	2007
1872	2008
1873	2010
1874	2011
1875	2012
1876	2013
1877	2014
1878	2015
1879	2016
1880	2017
1881	2018
1882	2019
1883	2020
1884	2021
1885	2022
1886	2023
1887	2024
1888	2025
1889	2026
1890	2027
1891	2028
1892	2029
1893	2030
1894	2031
1895	2032
1896	2033
1897	2034
1898	2035
1899	2036
1899	2131
1900	2037
1901	2038
1902	2039
1903	2040
1904	2041
1905	2042
1906	2043
1907	2044
1908	2045
1909	2046
1910	2047
1911	2048
1912	2049
1913	2050
1914	2051
1915	2052
1916	2053
1917	2054
1918	2055
1919	2056
1920	2057
1921	2058
1922	2059
1923	2060
1924	2061
1925	2062
1926	2063
1927	2064
1928	2065
1929	2066
1930	2067
1931	2068
1932	2069
1933	2070
1934	2071
1935	2072
1936	2073
1937	2074
1938	2075
1939	2076
1940	2077
1941	2078
1942	2079
1943	2080
1944	2081
1945	2082
1946	2083
1947	2084
1948	2085
1949	2086
1950	2087
1951	2088
1952	2089
1953	2090
1954	2091
1955	2092
1956	2093
1957	2094
1958	2095
1959	2096
1960	2097
1961	2098
1962	2099
1963	2100
1964	2101
1965	2102
1966	2103
1967	2104
1968	2105
1969	2106
1970	2107
1971	2108
1972	2109
1973	2110
1974	2111
1975	2112
1976	2113
1977	2114
1978	2115
1979	2116
1980	2117
1981	2118
1982	2119
1983	2120
1984	2121
1985	2122
1986	2123
1987	2124
1988	2125
1989	2126
1990	2127
1991	2128
1992	2129
1993	2130
1994	2132
1995	2133
1996	2134
1997	2135
1998	2136
1998	2623
1998	2647
1998	2962
1998	3133
1998	3914
1999	2137
2000	2138
2001	2139
2002	2140
2003	2141
2004	2142
2005	2144
2006	2145
2007	2146
2008	2147
2009	2148
2010	2149
2011	2150
2012	2151
2013	2152
2014	2153
2015	2154
2016	2155
2017	2156
2018	2157
2019	2158
2020	2159
2021	2160
2022	2161
2023	2162
2024	2163
2025	2164
2026	2165
2027	2166
2028	2167
2029	2169
2030	2170
2031	2171
2032	2172
2033	2173
2034	2175
2035	2179
2036	2180
2037	2181
2038	2182
2039	2183
2039	2186
2040	2185
2041	2187
2042	2188
2043	2189
2044	2190
2045	2191
2046	2193
2047	2194
2048	2196
2049	2197
2050	2198
2051	2199
2052	2200
2053	2201
2054	2203
2055	2204
2055	2224
2056	2205
2056	2233
2056	2244
2056	2245
2056	2246
2056	2303
2056	2685
2056	2982
2056	3010
2056	3011
2056	3012
2056	3014
2056	3015
2056	3017
2056	3036
2056	3038
2056	3050
2056	3095
2057	2206
2058	2207
2058	2330
2058	2731
2059	2208
2059	2285
2059	2286
2060	2209
2060	3482
2061	2210
2062	2211
2062	2269
2063	2212
2064	2213
2065	2214
2066	2215
2066	2216
2066	2217
2066	2218
2066	3665
2067	2219
2068	2220
2069	2221
2070	2222
2071	2223
2072	2225
2072	2226
2073	2227
2074	2228
2075	2229
2076	2230
2077	2231
2078	2232
2079	2234
2079	2347
2079	3944
2080	2235
2081	2236
2082	2237
2082	2287
2082	3053
2083	2238
2084	2239
2085	2240
2086	2241
2086	3626
2087	2242
2088	2243
2089	2247
2090	2248
2091	2249
2092	2250
2093	2251
2093	2302
2094	2252
2095	2253
2095	2254
2095	2255
2095	2256
2095	2257
2095	2258
2095	2963
2095	2966
2095	2967
2095	3501
2096	2259
2097	2260
2098	2261
2098	2352
2098	2353
2098	2354
2098	2391
2098	2654
2098	2854
2098	2948
2098	2949
2098	3008
2099	2262
2099	3260
2099	3393
2100	2263
2100	3511
2101	2264
2102	2265
2103	2266
2104	2267
2105	2268
2106	2270
2107	2271
2108	2272
2109	2273
2109	2338
2110	2274
2111	2275
2112	2276
2113	2277
2114	2278
2115	2279
2115	2280
2116	2281
2116	3620
2117	2282
2118	2283
2119	2284
2120	2288
2121	2289
2121	2625
2122	2290
2122	2343
2123	2291
2123	2991
2124	2292
2125	2293
2125	2636
2125	2930
2125	3102
2125	3932
2125	4244
2126	2294
2127	2295
2127	2300
2127	3051
2127	3052
2127	3054
2127	3055
2128	2296
2129	2297
2130	2298
2130	3267
2131	2299
2131	3543
2132	2301
2133	2304
2134	2305
2135	2306
2136	2307
2136	3088
2137	2308
2138	2309
2139	2310
2140	2311
2141	2312
2141	2313
2142	2314
2142	2324
2143	2315
2143	3965
2144	2316
2145	2317
2146	2318
2147	2319
2147	2334
2148	2320
2149	2321
2150	2322
2151	2323
2152	2325
2153	2326
2154	2327
2155	2328
2156	2329
2157	2331
2158	2332
2159	2333
2160	2335
2161	2336
2162	2337
2163	2339
2164	2340
2165	2341
2165	3866
2166	2342
2167	2344
2168	2345
2169	2346
2170	2348
2171	2349
2172	2350
2173	2351
2173	3056
2174	2355
2174	2362
2175	2356
2176	2357
2177	2358
2178	2359
2179	2360
2180	2361
2181	2363
2181	3862
2182	2364
2183	2365
2184	2366
2185	2367
2186	2368
2187	2369
2187	2649
2187	2857
2188	2370
2189	2371
2190	2372
2191	2373
2192	2374
2193	2375
2194	2376
2195	2377
2196	2378
2197	2379
2198	2380
2199	2381
2200	2382
2200	2389
2200	2398
2200	2399
2200	2402
2200	2405
2200	2408
2200	2419
2200	2511
2200	2517
2200	2523
2200	2525
2200	2527
2200	3815
2200	3820
2200	3955
2200	4365
2200	4383
2200	4410
2200	4415
2200	4421
2201	2383
2202	2384
2203	2385
2204	2386
2204	2397
2205	2387
2205	2388
2205	2409
2205	2509
2205	2519
2205	2520
2205	2526
2206	2390
2207	2392
2208	2393
2209	2394
2210	2395
2211	2396
2212	2400
2213	2401
2214	2403
2214	2410
2214	2442
2214	2456
2214	2904
2214	2945
2215	2404
2216	2406
2217	2407
2218	2411
2218	2412
2218	2455
2219	2413
2220	2414
2220	3016
2221	2415
2221	2430
2222	2416
2223	2417
2224	2418
2225	2420
2226	2421
2227	2422
2228	2423
2229	2424
2230	2425
2231	2426
2232	2427
2233	2428
2234	2429
2235	2431
2236	2432
2237	2433
2238	2434
2238	2435
2239	2436
2239	2459
2240	2437
2241	2438
2242	2439
2243	2440
2244	2441
2245	2443
2246	2444
2247	2445
2248	2446
2249	2447
2250	2448
2251	2449
2252	2450
2253	2451
2254	2452
2255	2453
2256	2454
2257	2457
2257	2460
2258	2458
2258	3124
2259	2461
2260	2462
2261	2463
2262	2464
2263	2465
2263	2468
2263	2469
2263	2471
2263	2473
2263	2482
2263	2483
2263	2485
2263	2489
2263	2490
2263	2492
2264	2466
2265	2467
2266	2470
2266	2472
2267	2474
2268	2475
2269	2476
2270	2477
2271	2478
2272	2479
2273	2480
2274	2481
2275	2484
2276	2486
2277	2487
2278	2488
2278	2500
2278	2506
2278	2507
2279	2491
2280	2493
2281	2494
2282	2495
2283	2496
2284	2497
2285	2498
2286	2499
2287	2502
2288	2503
2289	2504
2289	2505
2290	2508
2291	2510
2292	2512
2293	2513
2294	2514
2294	3818
2294	3819
2294	3826
2294	3839
2294	3841
2294	4368
2295	2515
2296	2516
2297	2518
2298	2521
2299	2522
2300	2524
2301	2528
2302	2529
2303	2530
2304	2531
2305	2532
2306	2533
2307	2534
2308	2535
2309	2536
2310	2537
2310	2928
2311	2538
2312	2539
2313	2540
2314	2541
2315	2542
2316	2543
2317	2544
2318	2545
2318	2640
2318	2657
2318	2922
2318	2941
2318	3039
2319	2546
2319	2560
2320	2547
2320	2562
2320	2604
2320	2940
2321	2548
2321	2561
2321	2564
2321	2897
2322	2549
2322	2563
2322	2569
2322	2602
2322	2632
2322	3006
2322	3059
2323	2550
2323	2559
2323	2629
2323	2643
2323	2682
2323	2713
2324	2551
2324	2879
2325	2552
2326	2553
2327	2554
2328	2555
2329	2556
2330	2557
2331	2558
2332	2565
2332	2568
2333	2566
2334	2567
2335	2570
2336	2571
2337	2572
2338	2573
2338	2686
2339	2574
2339	2576
2340	2575
2341	2577
2342	2578
2343	2579
2344	2580
2345	2581
2346	2582
2346	2695
2347	2583
2348	2584
2349	2585
2350	2586
2351	2587
2352	2588
2353	2589
2354	2590
2355	2591
2356	2592
2357	2593
2358	2594
2359	2595
2360	2596
2361	2597
2362	2598
2362	2672
2362	2860
2363	2599
2364	2600
2365	2601
2366	2603
2367	2605
2368	2606
2368	2609
2368	2645
2368	2796
2369	2607
2370	2608
2371	2610
2372	2611
2373	2612
2374	2613
2375	2614
2376	2615
2377	2616
2378	2617
2379	2618
2379	2679
2380	2619
2380	2680
2381	2620
2381	2681
2382	2621
2382	2690
2383	2622
2383	2689
2384	2624
2385	2626
2386	2627
2387	2628
2388	2630
2389	2631
2389	3005
2389	3058
2389	4092
2390	2633
2390	2830
2390	2874
2390	2878
2390	2912
2390	4103
2390	4108
2390	4115
2390	4230
2391	2634
2392	2635
2393	2637
2394	2638
2395	2639
2395	4105
2396	2641
2397	2642
2398	2644
2399	2646
2400	2648
2401	2650
2401	3908
2402	2651
2403	2652
2404	2653
2405	2655
2405	2976
2405	3905
2406	2656
2407	2658
2407	2659
2408	2660
2409	2661
2410	2662
2411	2663
2412	2664
2412	4228
2413	2665
2414	2666
2415	2667
2416	2668
2417	2669
2417	2678
2417	2884
2417	2886
2417	2899
2417	2924
2417	2964
2417	3946
2418	2670
2419	2671
2419	2970
2420	2673
2420	2677
2421	2674
2422	2675
2423	2676
2424	2683
2425	2684
2426	2687
2427	2688
2428	2691
2429	2692
2429	2958
2429	2960
2429	2965
2429	2984
2429	3001
2429	3086
2429	3906
2430	2693
2431	2694
2432	2696
2433	2697
2434	2698
2435	2699
2436	2700
2437	2701
2437	2839
2437	2851
2437	2885
2437	2909
2437	3455
2437	3462
2437	3469
2437	4360
2438	2702
2439	2703
2440	2704
2440	3956
2441	2705
2441	2706
2442	2707
2442	2867
2443	2708
2444	2709
2445	2710
2446	2711
2447	2712
2448	2714
2449	2715
2450	2716
2451	2717
2452	2718
2453	2719
2454	2720
2455	2721
2456	2723
2457	2724
2458	2725
2459	2726
2460	2727
2461	2728
2462	2729
2463	2730
2464	2732
2465	2733
2466	2734
2467	2735
2468	2736
2469	2737
2469	2739
2470	2738
2471	2740
2472	2741
2473	2742
2474	2743
2475	2744
2476	2745
2477	2746
2478	2747
2479	2748
2480	2749
2481	2750
2482	2751
2483	2752
2484	2753
2485	2754
2486	2755
2487	2756
2488	2757
2489	2758
2490	2759
2491	2760
2492	2761
2493	2762
2494	2763
2495	2764
2496	2765
2496	2813
2497	2766
2498	2767
2499	2768
2500	2769
2501	2770
2502	2771
2503	2772
2504	2773
2505	2774
2506	2775
2507	2776
2508	2777
2509	2778
2510	2779
2511	2780
2512	2781
2513	2782
2514	2783
2515	2784
2516	2785
2517	2786
2518	2787
2519	2788
2520	2789
2521	2790
2522	2791
2523	2792
2524	2793
2525	2794
2526	2795
2527	2797
2528	2798
2529	2799
2530	2800
2531	2801
2532	2802
2532	3497
2533	2803
2534	2804
2535	2805
2536	2806
2537	2807
2538	2808
2539	2809
2540	2810
2541	2811
2542	2812
2543	2814
2544	2815
2545	2816
2546	2817
2547	2818
2548	2819
2548	2820
2548	2821
2548	2822
2548	2823
2548	2824
2549	2825
2550	2826
2551	2827
2551	2961
2551	3523
2551	3773
2551	4238
2552	2828
2552	2877
2553	2829
2553	4102
2553	4107
2553	4113
2553	4229
2553	4235
2554	2831
2555	2832
2556	2833
2557	2834
2558	2835
2559	2836
2560	2837
2561	2838
2562	2840
2563	2841
2564	2842
2564	2853
2565	2843
2566	2844
2567	2845
2568	2846
2569	2847
2570	2848
2571	2849
2572	2850
2573	2852
2574	2855
2575	2856
2576	2858
2577	2859
2578	2861
2578	3048
2579	2862
2579	3042
2580	2863
2581	2864
2582	2865
2583	2866
2584	2868
2584	2889
2585	2869
2586	2870
2587	2871
2588	2872
2589	2873
2590	2875
2590	4236
2591	2876
2592	2880
2593	2881
2594	2882
2595	2883
2596	2887
2597	2888
2598	2890
2599	2891
2600	2892
2601	2893
2602	2894
2603	2895
2603	3941
2604	2896
2604	3942
2605	2898
2606	2900
2607	2901
2607	3945
2607	4245
2608	2902
2609	2903
2610	2905
2611	2906
2612	2907
2613	2908
2614	2910
2615	2911
2616	2913
2617	2914
2618	2915
2619	2916
2620	2917
2620	3352
2621	2918
2622	2919
2622	4081
2623	2920
2624	2921
2625	2923
2626	2925
2627	2926
2628	2927
2628	3040
2629	2929
2629	2933
2630	2931
2630	2957
2630	2959
2630	3085
2631	2932
2632	2934
2633	2935
2633	2936
2634	2937
2635	2938
2636	2939
2637	2942
2638	2943
2639	2944
2640	2946
2641	2947
2641	4121
2642	2950
2643	2951
2643	2993
2643	2999
2643	3028
2643	3093
2644	2952
2645	2953
2646	2954
2647	2955
2648	2956
2649	2968
2650	2969
2651	2971
2652	2972
2653	2973
2653	2974
2654	2975
2654	4355
2654	4356
2654	4357
2655	2977
2656	2978
2657	2979
2658	2980
2659	2981
2660	2983
2661	2985
2662	2986
2663	2987
2664	2988
2665	2989
2666	2990
2666	4399
2667	2992
2667	3031
2667	3032
2668	2994
2669	2995
2670	2996
2671	2997
2672	2998
2673	3000
2674	3002
2674	3024
2675	3003
2676	3004
2676	4217
2677	3007
2678	3009
2679	3013
2680	3018
2681	3019
2682	3020
2683	3021
2684	3022
2685	3023
2686	3025
2687	3026
2688	3027
2689	3029
2690	3030
2691	3033
2692	3034
2693	3035
2694	3037
2695	3041
2696	3043
2697	3044
2698	3045
2699	3046
2700	3047
2701	3049
2702	3057
2703	3060
2704	3061
2705	3062
2705	3881
2706	3063
2707	3064
2708	3065
2709	3066
2710	3067
2711	3068
2712	3069
2713	3070
2714	3071
2715	3072
2715	3080
2715	3755
2716	3073
2717	3074
2718	3075
2719	3076
2720	3077
2721	3078
2722	3079
2723	3081
2724	3082
2724	3087
2724	3094
2724	3100
2724	3101
2724	3107
2724	3110
2725	3083
2726	3084
2727	3089
2728	3090
2729	3091
2730	3092
2731	3096
2732	3097
2733	3098
2734	3099
2734	3450
2734	3711
2735	3103
2736	3104
2737	3105
2738	3106
2739	3108
2739	3109
2739	3295
2739	3377
2740	3111
2741	3112
2742	3113
2743	3114
2743	3145
2744	3115
2744	3281
2745	3116
2746	3117
2747	3118
2748	3119
2749	3120
2750	3121
2750	3212
2750	3379
2751	3122
2752	3123
2753	3125
2754	3126
2755	3127
2756	3128
2756	4028
2757	3129
2758	3130
2759	3131
2760	3132
2761	3134
2761	3227
2761	3481
2761	3645
2762	3135
2763	3136
2764	3137
2765	3138
2765	3319
2765	3413
2765	3723
2766	3139
2767	3140
2767	3220
2767	4375
2767	4439
2768	3141
2768	3609
2768	3879
2769	3142
2770	3143
2771	3144
2772	3146
2773	3147
2774	3148
2775	3149
2776	3150
2777	3151
2778	3152
2779	3153
2780	3154
2781	3155
2782	3156
2783	3157
2784	3158
2785	3159
2786	3160
2787	3161
2788	3162
2789	3163
2790	3164
2791	3165
2792	3166
2793	3167
2794	3168
2795	3169
2796	3170
2797	3171
2798	3172
2799	3173
2800	3174
2801	3175
2802	3176
2803	3177
2804	3178
2805	3179
2806	3180
2807	3181
2808	3182
2809	3183
2810	3184
2811	3185
2812	3186
2813	3187
2814	3188
2815	3189
2816	3190
2817	3191
2818	3192
2819	3193
2820	3194
2821	3195
2822	3196
2823	3197
2824	3198
2825	3199
2826	3200
2827	3201
2828	3202
2829	3203
2830	3204
2830	3612
2831	3205
2832	3206
2833	3207
2834	3208
2835	3209
2836	3210
2836	3797
2837	3211
2838	3213
2839	3214
2840	3215
2841	3216
2842	3217
2843	3218
2844	3219
2845	3221
2846	3222
2847	3223
2848	3224
2849	3225
2850	3226
2851	3228
2852	3229
2852	3432
2852	3514
2853	3230
2854	3231
2855	3232
2856	3233
2857	3234
2857	3434
2858	3235
2859	3236
2860	3237
2860	3800
2861	3238
2861	3709
2861	3805
2862	3239
2863	3240
2863	3269
2863	3472
2863	4407
2864	3241
2864	3271
2865	3242
2865	3505
2866	3243
2867	3244
2867	3485
2868	3245
2868	3317
2869	3246
2870	3247
2871	3248
2871	3638
2872	3249
2873	3250
2873	3277
2873	3331
2873	3349
2873	3425
2873	3453
2873	3458
2873	3461
2873	3467
2873	3479
2873	3488
2873	3519
2873	3534
2873	3594
2873	3708
2873	3713
2873	3742
2873	3747
2874	3251
2874	3252
2874	3253
2874	3254
2874	3274
2874	3278
2874	3306
2874	3325
2874	3332
2874	3343
2874	3345
2874	3412
2874	3454
2874	3456
2874	3478
2874	3510
2874	3532
2874	3593
2874	3618
2874	3703
2874	3712
2874	3715
2874	3717
2874	3718
2874	3725
2874	4408
2874	4412
2875	3255
2876	3256
2876	3387
2877	3257
2877	3878
2878	3258
2879	3259
2879	3388
2879	3759
2880	3261
2881	3262
2882	3263
2883	3264
2884	3265
2885	3266
2886	3268
2887	3270
2888	3272
2889	3273
2890	3275
2891	3276
2892	3279
2893	3280
2894	3282
2894	3289
2894	3902
2894	4257
2894	4449
2895	3283
2895	3480
2896	3284
2896	3855
2896	4446
2897	3285
2898	3286
2899	3287
2899	4378
2900	3288
2901	3290
2902	3291
2903	3292
2903	3628
2904	3293
2905	3294
2905	3431
2906	3296
2907	3297
2908	3298
2909	3299
2910	3300
2911	3301
2911	3701
2912	3302
2913	3303
2913	3924
2913	3949
2913	3954
2913	3978
2913	3984
2913	4097
2913	4223
2914	3304
2915	3305
2916	3307
2917	3308
2918	3309
2919	3310
2920	3311
2921	3312
2922	3313
2923	3314
2924	3315
2925	3316
2925	3368
2925	3714
2925	3716
2925	3721
2926	3318
2926	3335
2927	3320
2928	3321
2929	3322
2930	3323
2931	3324
2932	3326
2933	3327
2934	3328
2934	3421
2934	3452
2934	3470
2934	3647
2934	3705
2935	3329
2936	3330
2937	3333
2938	3334
2939	3336
2940	3337
2941	3338
2942	3339
2943	3340
2944	3341
2944	3344
2944	3404
2944	3731
2945	3342
2946	3346
2947	3347
2947	3515
2948	3348
2948	3405
2948	3447
2949	3350
2950	3351
2950	3441
2950	3710
2951	3353
2952	3354
2952	3442
2953	3355
2954	3356
2955	3357
2956	3358
2957	3359
2958	3360
2959	3361
2960	3362
2961	3363
2962	3364
2962	3445
2962	3459
2963	3365
2964	3366
2965	3367
2966	3369
2966	3476
2967	3370
2968	3371
2969	3372
2970	3373
2971	3374
2972	3375
2973	3376
2974	3378
2975	3380
2976	3381
2976	3486
2977	3382
2977	3528
2978	3383
2978	3619
2979	3384
2980	3385
2981	3386
2981	3611
2982	3389
2983	3390
2984	3391
2985	3392
2986	3394
2987	3395
2988	3396
2989	3397
2990	3398
2991	3399
2992	3400
2992	4063
2993	3401
2994	3402
2995	3403
2996	3406
2997	3407
2997	3537
2997	3650
2998	3408
2999	3409
3000	3410
3000	3735
3000	4030
3001	3411
3002	3414
3002	3444
3002	3466
3002	3471
3002	3484
3003	3415
3004	3416
3004	3627
3005	3417
3006	3418
3006	3457
3006	3512
3006	3724
3007	3419
3008	3420
3009	3422
3010	3423
3011	3424
3012	3426
3013	3427
3014	3428
3014	3590
3014	3741
3014	3745
3015	3429
3016	3430
3017	3433
3018	3435
3019	3436
3020	3437
3021	3438
3022	3439
3023	3440
3024	3443
3025	3446
3026	3448
3026	3460
3026	3464
3027	3449
3028	3451
3029	3463
3030	3465
3030	3483
3030	3491
3031	3468
3032	3473
3033	3474
3033	3502
3034	3475
3035	3477
3036	3487
3037	3489
3038	3490
3039	3492
3040	3493
3041	3494
3042	3495
3043	3496
3044	3498
3045	3499
3046	3500
3047	3503
3048	3504
3049	3506
3050	3507
3051	3508
3051	3533
3052	3509
3053	3513
3054	3516
3055	3517
3056	3518
3057	3520
3058	3521
3059	3522
3060	3524
3061	3525
3062	3526
3063	3527
3064	3529
3065	3530
3065	3633
3066	3531
3066	3727
3067	3535
3068	3536
3069	3538
3070	3539
3071	3540
3072	3541
3073	3542
3074	3544
3075	3545
3076	3546
3077	3547
3078	3548
3078	3671
3079	3549
3080	3550
3081	3551
3082	3552
3083	3553
3084	3554
3085	3555
3086	3556
3087	3557
3088	3558
3089	3559
3090	3560
3091	3561
3092	3562
3093	3563
3094	3564
3095	3565
3096	3566
3097	3567
3098	3568
3099	3569
3100	3570
3101	3571
3102	3572
3103	3573
3104	3574
3105	3575
3106	3576
3107	3577
3108	3578
3109	3579
3110	3580
3111	3581
3112	3582
3113	3583
3114	3584
3115	3585
3116	3586
3117	3587
3118	3588
3119	3589
3120	3591
3120	3706
3121	3592
3122	3595
3123	3596
3124	3597
3125	3598
3126	3599
3127	3600
3128	3601
3129	3602
3130	3603
3131	3604
3132	3605
3133	3606
3134	3607
3135	3608
3136	3610
3137	3613
3138	3614
3138	3776
3139	3615
3140	3616
3141	3617
3142	3621
3143	3622
3144	3623
3145	3624
3146	3625
3147	3629
3148	3630
3149	3631
3150	3632
3151	3634
3152	3635
3153	3636
3154	3637
3155	3639
3156	3640
3157	3641
3158	3642
3159	3643
3160	3644
3161	3646
3162	3648
3163	3651
3164	3652
3165	3653
3166	3654
3166	3688
3167	3655
3168	3656
3169	3657
3170	3658
3171	3659
3172	3660
3173	3661
3174	3662
3175	3663
3176	3664
3177	3666
3178	3667
3179	3668
3180	3669
3181	3670
3182	3672
3183	3673
3184	3674
3185	3675
3186	3676
3187	3677
3188	3678
3189	3679
3190	3680
3191	3681
3192	3682
3193	3683
3194	3684
3195	3685
3196	3686
3197	3687
3198	3689
3199	3690
3200	3691
3201	3692
3202	3693
3203	3694
3204	3695
3205	3696
3206	3697
3207	3698
3208	3699
3209	3700
3210	3702
3211	3704
3212	3707
3213	3719
3214	3720
3215	3722
3216	3726
3217	3728
3218	3729
3218	3910
3219	3730
3220	3732
3221	3733
3222	3734
3223	3736
3224	3737
3225	3738
3226	3739
3227	3740
3228	3743
3229	3744
3230	3746
3231	3748
3232	3749
3233	3750
3234	3751
3235	3752
3236	3753
3237	3754
3238	3756
3239	3757
3240	3758
3241	3760
3242	3761
3243	3762
3244	3763
3245	3764
3246	3765
3247	3766
3248	3767
3249	3768
3250	3769
3251	3770
3252	3771
3253	3772
3254	3774
3255	3775
3256	3777
3257	3778
3258	3779
3259	3780
3260	3781
3261	3782
3262	3783
3263	3784
3264	3785
3265	3786
3266	3787
3267	3788
3268	3789
3269	3790
3270	3791
3271	3792
3272	3793
3273	3794
3274	3795
3275	3796
3276	3798
3277	3799
3278	3801
3279	3802
3280	3803
3281	3804
3282	3806
3283	3807
3284	3808
3285	3809
3286	3810
3287	3811
3288	3812
3289	3813
3290	3814
3291	3816
3292	3817
3293	3821
3294	3822
3295	3823
3296	3824
3297	3825
3298	3827
3299	3828
3300	3829
3301	3830
3302	3831
3303	3832
3304	3833
3305	3834
3306	3835
3307	3836
3308	3837
3309	3838
3310	3840
3311	3842
3312	3843
3313	3844
3314	3845
3315	3846
3316	3847
3317	3848
3318	3849
3319	3850
3320	3851
3321	3852
3322	3853
3323	3854
3324	3856
3324	3913
3325	3857
3326	3858
3327	3859
3328	3860
3329	3861
3330	3863
3331	3864
3332	3865
3333	3867
3334	3868
3335	3869
3336	3870
3337	3871
3338	3872
3339	3873
3340	3874
3341	3875
3342	3876
3343	3877
3344	3880
3345	3882
3346	3883
3347	3884
3348	3885
3349	3886
3350	3887
3351	3888
3352	3889
3353	3890
3354	3891
3355	3892
3356	3893
3357	3894
3358	3895
3359	3896
3360	3897
3361	3898
3362	3899
3363	3900
3364	3901
3365	3903
3366	3904
3367	3907
3367	4090
3367	4218
3368	3909
3369	3911
3370	3912
3370	4009
3371	3915
3372	3916
3373	3917
3374	3918
3375	3919
3375	3921
3376	3920
3377	3922
3378	3923
3379	3925
3380	3926
3381	3927
3382	3928
3383	3929
3384	3930
3385	3931
3386	3933
3387	3934
3388	3935
3389	3936
3390	3937
3391	3938
3392	3939
3393	3940
3394	3943
3395	3947
3396	3948
3397	3950
3398	3951
3399	3952
3400	3953
3401	3958
3402	3959
3403	3960
3403	3979
3403	3997
3403	4043
3403	4079
3404	3961
3405	3962
3406	3963
3407	3964
3408	3966
3409	3967
3410	3968
3411	3969
3412	3970
3413	3971
3414	3972
3415	3973
3416	3974
3417	3975
3418	3976
3419	3977
3420	3980
3421	3981
3422	3982
3423	3983
3423	4001
3424	3985
3425	3986
3426	3987
3427	3988
3428	3989
3429	3990
3430	3991
3431	3992
3432	3993
3433	3994
3434	3995
3435	3996
3436	3998
3436	4025
3436	4047
3437	3999
3438	4000
3439	4002
3440	4003
3441	4004
3442	4005
3443	4006
3444	4007
3445	4008
3446	4010
3447	4011
3448	4012
3449	4013
3450	4014
3451	4015
3452	4016
3453	4017
3454	4018
3455	4019
3456	4020
3457	4021
3458	4022
3459	4023
3460	4024
3461	4026
3462	4027
3463	4029
3464	4031
3465	4032
3466	4033
3467	4034
3468	4035
3469	4036
3470	4037
3471	4038
3472	4039
3473	4041
3474	4042
3475	4044
3476	4045
3477	4046
3478	4048
3479	4049
3480	4050
3481	4051
3482	4052
3482	4084
3483	4053
3484	4054
3485	4055
3486	4056
3487	4057
3488	4058
3489	4059
3490	4060
3491	4061
3492	4062
3493	4064
3494	4065
3495	4066
3496	4067
3497	4068
3498	4069
3499	4070
3500	4071
3501	4072
3502	4073
3503	4074
3504	4075
3505	4076
3506	4077
3507	4078
3508	4080
3509	4082
3510	4083
3511	4085
3512	4086
3513	4087
3514	4088
3515	4089
3515	4232
3516	4091
3517	4093
3518	4094
3519	4095
3519	4241
3520	4096
3521	4098
3522	4099
3523	4100
3524	4101
3524	4106
3525	4104
3526	4109
3527	4110
3528	4111
3529	4112
3530	4114
3531	4116
3532	4117
3533	4118
3534	4119
3535	4120
3536	4122
3537	4123
3538	4124
3539	4126
3540	4127
3541	4128
3542	4129
3543	4130
3544	4131
3545	4132
3546	4133
3547	4134
3548	4135
3549	4136
3550	4137
3551	4138
3552	4139
3553	4140
3554	4141
3555	4142
3556	4143
3557	4144
3558	4145
3559	4146
3560	4147
3561	4148
3562	4149
3563	4150
3564	4151
3565	4152
3566	4154
3567	4155
3568	4156
3569	4157
3570	4158
3571	4159
3572	4160
3573	4161
3574	4162
3575	4163
3576	4164
3577	4165
3578	4166
3579	4167
3580	4168
3581	4169
3582	4170
3583	4171
3584	4172
3585	4173
3586	4174
3587	4175
3588	4176
3589	4177
3590	4178
3591	4179
3592	4180
3593	4181
3594	4182
3595	4183
3596	4184
3597	4185
3598	4186
3599	4187
3600	4188
3601	4189
3602	4190
3603	4191
3604	4192
3605	4193
3606	4194
3607	4195
3608	4196
3609	4197
3610	4198
3611	4199
3612	4200
3613	4201
3614	4202
3615	4203
3616	4204
3617	4205
3618	4206
3619	4207
3620	4208
3621	4209
3622	4210
3623	4211
3624	4212
3625	4213
3626	4214
3627	4215
3628	4216
3629	4219
3630	4220
3631	4221
3632	4222
3633	4224
3634	4225
3635	4226
3636	4227
3637	4231
3638	4233
3639	4234
3640	4237
3641	4239
3642	4240
3643	4242
3644	4243
3645	4246
3646	4247
3647	4248
3648	4249
3649	4250
3650	4251
3651	4252
3652	4253
3653	4254
3654	4255
3655	4256
3656	4258
3657	4259
3658	4260
3659	4261
3660	4262
3661	4263
3662	4264
3663	4265
3664	4266
3665	4267
3666	4268
3667	4269
3668	4270
3669	4271
3670	4272
3671	4273
3672	4274
3673	4275
3674	4276
3675	4277
3676	4278
3677	4279
3678	4280
3679	4281
3680	4282
3681	4283
3682	4284
3683	4285
3684	4286
3685	4287
3686	4288
3687	4289
3688	4290
3689	4291
3690	4292
3691	4293
3692	4294
3693	4295
3694	4296
3695	4297
3696	4298
3697	4299
3698	4300
3699	4301
3700	4302
3701	4303
3702	4304
3703	4305
3704	4306
3705	4307
3706	4308
3707	4309
3708	4310
3709	4311
3710	4312
3711	4313
3712	4314
3713	4315
3714	4316
3715	4317
3716	4318
3717	4319
3718	4320
3719	4321
3720	4322
3721	4323
3722	4324
3723	4325
3724	4326
3725	4327
3726	4328
3727	4329
3728	4330
3729	4331
3730	4332
3731	4333
3732	4334
3733	4335
3734	4336
3735	4337
3736	4338
3737	4339
3738	4340
3739	4341
3740	4342
3741	4343
3742	4344
3743	4345
3744	4346
3745	4347
3746	4348
3747	4349
3748	4350
3749	4351
3750	4352
3751	4353
3752	4354
3753	4358
3754	4359
3755	4361
3756	4362
3757	4363
3758	4364
3759	4367
3759	4372
3759	4413
3760	4369
3761	4370
3762	4371
3763	4373
3764	4374
3765	4376
3766	4377
3767	4379
3768	4380
3769	4381
3770	4382
3771	4384
3772	4385
3773	4386
3774	4387
3775	4388
3776	4389
3777	4390
3778	4391
3779	4392
3780	4393
3781	4394
3782	4395
3783	4396
3784	4397
3785	4398
3786	4400
3787	4401
3788	4402
3789	4403
3790	4404
3791	4405
3792	4406
3793	4409
3794	4411
3795	4414
3796	4416
3797	4417
3798	4418
3799	4419
3800	4420
3801	4422
3802	4423
3803	4424
3804	4425
3805	4426
3806	4427
3807	4428
3808	4429
3809	4430
3810	4431
3811	4432
3812	4433
3813	4434
3814	4435
3815	4436
3816	4437
3817	4438
3818	4440
3819	4441
3820	4442
3821	4443
3822	4444
3823	4445
3824	4447
3825	4448
3826	4450
